497.725 104.425 60.554 151 0 0
497.732 104.386 60.545 138 0 0
497.727 104.409 60.549 135 0 0
497.730 104.390 60.544 137 0 0
497.728 104.415 60.548 134 0 0
497.721 104.382 60.541 143 0 0
497.723 104.383 60.541 143 0 0
497.726 104.382 60.540 144 0 0
497.727 104.388 60.541 144 0 0
497.728 104.391 60.542 142 0 0
497.730 104.410 60.545 138 0 0
497.727 104.428 60.548 138 0 0
497.701 104.340 60.532 162 0 0
497.705 104.351 60.534 165 0 0
497.706 104.356 60.535 154 0 0
497.707 104.360 60.535 150 0 0
497.709 104.361 60.535 146 0 0
497.711 104.360 60.535 142 0 0
497.716 104.392 60.540 148 0 0
497.718 104.394 60.540 151 0 0
497.721 104.400 60.541 151 0 0
497.730 104.416 60.543 142 0 0
497.729 104.427 60.545 142 0 0
497.699 104.346 60.531 172 0 0
497.701 104.348 60.531 188 0 0
497.704 104.353 60.532 178 0 0
497.706 104.356 60.532 170 0 0
497.707 104.358 60.533 161 0 0
497.708 104.362 60.533 163 0 0
497.710 104.365 60.534 161 0 0
497.712 104.364 60.534 154 0 0
497.724 104.382 60.536 134 0 0
497.724 104.413 60.541 148 0 0
497.726 104.415 60.541 147 0 0
497.730 104.432 60.544 145 0 0
497.729 104.443 60.546 145 0 0
497.704 104.354 60.530 169 0 0
497.706 104.356 60.530 165 0 0
497.706 104.361 60.531 164 0 0
497.708 104.363 60.531 185 0 0
497.710 104.366 60.532 183 0 0
497.711 104.369 60.532 178 0 0
497.712 104.373 60.533 183 0 0
497.713 104.377 60.533 187 0 0
497.714 104.382 60.534 188 0 0
497.716 104.385 60.534 184 0 0
497.715 104.396 60.536 172 0 0
497.720 104.395 60.536 149 0 0
497.728 104.417 60.539 141 0 0
497.726 104.429 60.541 145 0 0
497.728 104.431 60.541 148 0 0
497.730 104.434 60.542 148 0 0
497.731 104.439 60.543 148 0 0
497.730 104.448 60.544 148 0 0
497.704 104.353 60.527 167 0 0
497.705 104.358 60.528 162 0 0
497.706 104.361 60.529 163 0 0
497.707 104.365 60.529 183 0 0
497.709 104.368 60.530 185 0 0
497.711 104.371 60.530 189 0 0
497.712 104.374 60.531 187 0 0
497.713 104.376 60.531 186 0 0
497.714 104.383 60.532 192 0 0
497.715 104.387 60.532 195 0 0
497.713 104.401 60.535 204 0 0
497.715 104.403 60.535 202 0 0
497.716 104.407 60.536 195 0 0
497.718 104.411 60.536 192 0 0
497.719 104.415 60.537 181 0 0
497.731 104.437 60.540 136 0 0
497.731 104.446 60.541 144 0 0
497.731 104.454 60.543 149 0 0
497.703 104.349 60.525 188 0 0
497.704 104.353 60.525 167 0 0
497.705 104.359 60.526 163 0 0
497.707 104.360 60.526 162 0 0
497.708 104.363 60.527 181 0 0
497.709 104.367 60.527 185 0 0
497.711 104.370 60.528 184 0 0
497.711 104.375 60.528 181 0 0
497.713 104.377 60.528 190 0 0
497.714 104.383 60.530 191 0 0
497.715 104.388 60.530 192 0 0
497.713 104.401 60.533 201 0 0
497.715 104.404 60.533 197 0 0
497.715 104.410 60.534 200 0 0
497.717 104.412 60.534 199 0 0
497.719 104.415 60.534 194 0 0
497.720 104.418 60.535 190 0 0
497.722 104.421 60.535 187 0 0
497.723 104.424 60.536 182 0 0
497.724 104.428 60.536 177 0 0
497.726 104.431 60.537 163 0 0
497.727 104.435 60.537 155 0 0
497.729 104.437 60.538 146 0 0
497.731 104.437 60.537 137 0 0
497.732 104.441 60.538 122 0 0
497.732 104.452 60.540 121 0 0
497.704 104.353 60.523 166 0 0
497.705 104.358 60.523 163 0 0
497.707 104.358 60.523 161 0 0
497.708 104.362 60.524 181 0 0
497.709 104.367 60.525 184 0 0
497.710 104.371 60.525 185 0 0
497.712 104.374 60.526 185 0 0
497.713 104.378 60.526 187 0 0
497.714 104.383 60.527 192 0 0
497.714 104.389 60.528 194 0 0
497.713 104.401 60.530 209 0 0
497.715 104.404 60.531 202 0 0
497.715 104.411 60.532 205 0 0
497.717 104.413 60.532 198 0 0
497.719 104.416 60.532 191 0 0
497.720 104.419 60.533 191 0 0
497.722 104.421 60.533 190 0 0
497.723 104.425 60.534 188 0 0
497.724 104.429 60.534 185 0 0
497.725 104.433 60.535 184 0 0
497.726 104.439 60.536 185 0 0
497.727 104.442 60.536 181 0 0
497.728 104.447 60.537 181 0 0
497.730 104.449 60.537 173 0 0
497.731 104.454 60.538 168 0 0
497.730 104.466 60.540 184 0 0
497.748 104.486 60.542 154 0 0
497.750 104.487 60.543 154 0 0
497.704 104.353 60.520 165 0 0
497.705 104.357 60.521 161 0 0
497.707 104.359 60.521 160 0 0
497.708 104.362 60.522 175 0 0
497.710 104.366 60.522 187 0 0
497.710 104.371 60.523 182 0 0
497.712 104.374 60.523 179 0 0
497.713 104.377 60.524 187 0 0
497.714 104.382 60.525 198 0 0
497.715 104.388 60.526 201 0 0
497.713 104.403 60.528 199 0 0
497.714 104.405 60.528 197 0 0
497.716 104.408 60.529 199 0 0
497.717 104.413 60.530 194 0 0
497.719 104.416 60.530 190 0 0
497.720 104.418 60.530 190 0 0
497.721 104.422 60.531 186 0 0
497.722 104.426 60.531 184 0 0
497.724 104.430 60.532 185 0 0
497.725 104.433 60.532 183 0 0
497.726 104.437 60.533 184 0 0
497.727 104.442 60.534 182 0 0
497.729 104.445 60.534 182 0 0
497.730 104.450 60.535 185 0 0
497.731 104.455 60.536 192 0 0
497.731 104.462 60.537 197 0 0
497.732 104.466 60.538 208 0 0
497.734 104.477 60.539 205 0 0
497.734 104.484 60.540 209 0 0
497.750 104.497 60.542 145 0 0
497.752 104.498 60.542 152 0 0
497.755 104.502 60.542 156 0 0
497.703 104.349 60.517 185 0 0
497.704 104.354 60.518 165 0 0
497.705 104.360 60.519 160 0 0
497.707 104.359 60.519 160 0 0
497.708 104.364 60.520 179 0 0
497.710 104.366 60.520 183 0 0
497.711 104.370 60.521 180 0 0
497.712 104.375 60.521 181 0 0
497.713 104.378 60.522 187 0 0
497.714 104.382 60.522 192 0 0
497.715 104.387 60.523 194 0 0
497.713 104.402 60.526 202 0 0
497.715 104.405 60.526 194 0 0
497.715 104.412 60.527 193 0 0
497.717 104.414 60.527 193 0 0
497.718 104.417 60.528 191 0 0
497.719 104.420 60.528 187 0 0
497.721 104.423 60.529 183 0 0
497.722 104.426 60.529 183 0 0
497.724 104.430 60.530 180 0 0
497.725 104.434 60.530 180 0 0
497.726 104.439 60.531 178 0 0
497.727 104.443 60.532 183 0 0
497.728 104.447 60.532 182 0 0
497.730 104.450 60.533 189 0 0
497.731 104.455 60.533 190 0 0
497.732 104.460 60.534 197 0 0
497.732 104.466 60.535 206 0 0
497.734 104.468 60.535 209 0 0
497.736 104.479 60.537 215 0 0
497.742 104.475 60.536 200 0 0
497.742 104.482 60.537 196 0 0
497.744 104.482 60.537 193 0 0
497.746 104.485 60.538 189 0 0
497.747 104.489 60.538 168 0 0
497.748 104.493 60.539 156 0 0
497.749 104.499 60.540 146 0 0
497.751 104.502 60.540 141 0 0
497.752 104.507 60.541 138 0 0
497.753 104.509 60.541 141 0 0
497.755 104.512 60.542 148 0 0
497.757 104.515 60.542 155 0 0
497.758 104.518 60.542 162 0 0
497.703 104.349 60.515 185 0 0
497.704 104.352 60.516 165 0 0
497.706 104.356 60.516 159 0 0
497.707 104.360 60.517 159 0 0
497.708 104.363 60.517 177 0 0
497.709 104.368 60.518 184 0 0
497.710 104.371 60.518 178 0 0
497.712 104.374 60.519 176 0 0
497.713 104.377 60.519 185 0 0
497.714 104.382 60.520 185 0 0
497.715 104.389 60.521 187 0 0
497.713 104.403 60.524 193 0 0
497.714 104.407 60.524 190 0 0
497.715 104.410 60.525 193 0 0
497.716 104.415 60.525 191 0 0
497.718 104.418 60.526 190 0 0
497.719 104.420 60.526 188 0 0
497.721 104.424 60.527 182 0 0
497.722 104.427 60.527 182 0 0
497.724 104.431 60.527 177 0 0
497.725 104.434 60.528 177 0 0
497.726 104.440 60.529 181 0 0
497.727 104.443 60.529 182 0 0
497.729 104.446 60.530 179 0 0
497.730 104.451 60.530 185 0 0
497.731 104.455 60.531 188 0 0
497.732 104.461 60.532 194 0 0
497.733 104.465 60.533 204 0 0
497.733 104.472 60.534 209 0 0
497.734 104.475 60.534 207 0 0
497.736 104.479 60.535 215 0 0
497.742 104.473 60.533 204 0 0
497.744 104.477 60.534 199 0 0
497.745 104.481 60.535 201 0 0
497.746 104.485 60.535 206 0 0
497.747 104.490 60.536 207 0 0
497.749 104.492 60.536 198 0 0
497.750 104.497 60.537 199 0 0
497.751 104.502 60.538 196 0 0
497.752 104.504 60.538 191 0 0
497.754 104.508 60.539 182 0 0
497.754 104.515 60.540 157 0 0
497.756 104.518 60.540 149 0 0
497.756 104.525 60.541 146 0 0
497.758 104.527 60.541 146 0 0
497.703 104.347 60.513 187 0 0
497.704 104.352 60.513 165 0 0
497.706 104.356 60.514 160 0 0
497.707 104.359 60.514 159 0 0
497.708 104.363 60.515 175 0 0
497.709 104.367 60.515 182 0 0
497.711 104.370 60.516 176 0 0
497.712 104.374 60.517 182 0 0
497.713 104.378 60.517 185 0 0
497.714 104.383 60.518 184 0 0
497.715 104.389 60.519 181 0 0
497.712 104.405 60.521 190 0 0
497.714 104.408 60.522 190 0 0
497.715 104.410 60.522 195 0 0
497.717 104.414 60.523 190 0 0
497.718 104.416 60.523 186 0 0
497.719 104.421 60.524 184 0 0
497.721 104.423 60.524 178 0 0
497.722 104.428 60.525 179 0 0
497.724 104.431 60.525 174 0 0
497.724 104.435 60.526 175 0 0
497.726 104.438 60.526 182 0 0
497.728 104.441 60.527 180 0 0
497.729 104.445 60.527 181 0 0
497.730 104.451 60.528 182 0 0
497.731 104.455 60.529 189 0 0
497.731 104.461 60.530 193 0 0
497.732 104.466 60.530 194 0 0
497.734 104.470 60.531 206 0 0
497.735 104.473 60.531 205 0 0
497.735 104.480 60.533 211 0 0
497.742 104.472 60.531 203 0 0
497.743 104.477 60.532 194 0 0
497.745 104.480 60.532 197 0 0
497.746 104.484 60.533 196 0 0
497.747 104.489 60.534 205 0 0
497.748 104.495 60.534 206 0 0
497.749 104.498 60.535 206 0 0
497.751 104.501 60.535 216 0 0
497.752 104.506 60.536 218 0 0
497.753 104.510 60.537 220 0 0
497.754 104.516 60.538 227 0 0
497.755 104.519 60.538 228 0 0
497.757 104.523 60.539 228 0 0
497.758 104.527 60.539 211 0 0
497.704 104.353 60.511 165 0 0
497.705 104.357 60.512 160 0 0
497.707 104.360 60.512 159 0 0
497.708 104.362 60.512 177 0 0
497.709 104.366 60.513 180 0 0
497.711 104.370 60.514 183 0 0
497.712 104.373 60.514 182 0 0
497.713 104.377 60.515 181 0 0
497.714 104.382 60.515 180 0 0
497.715 104.388 60.516 187 0 0
497.713 104.403 60.519 190 0 0
497.714 104.408 60.520 192 0 0
497.715 104.411 60.520 188 0 0
497.716 104.416 60.521 189 0 0
497.718 104.418 60.521 187 0 0
497.719 104.421 60.521 182 0 0
497.721 104.425 60.522 178 0 0
497.722 104.426 60.522 175 0 0
497.723 104.432 60.523 171 0 0
497.725 104.434 60.523 174 0 0
497.726 104.438 60.524 180 0 0
497.727 104.443 60.525 179 0 0
497.728 104.448 60.525 181 0 0
497.729 104.452 60.526 182 0 0
497.731 104.454 60.526 186 0 0
497.731 104.461 60.527 192 0 0
497.732 104.466 60.528 197 0 0
497.733 104.471 60.529 204 0 0
497.735 104.474 60.529 201 0 0
497.735 104.480 60.530 205 0 0
497.742 104.473 60.529 192 0 0
497.743 104.477 60.529 192 0 0
497.745 104.481 60.530 192 0 0
497.746 104.485 60.531 196 0 0
497.747 104.490 60.531 200 0 0
497.748 104.494 60.532 203 0 0
497.749 104.498 60.532 203 0 0
497.750 104.503 60.533 213 0 0
497.752 104.506 60.534 216 0 0
497.753 104.511 60.534 218 0 0
497.754 104.515 60.535 229 0 0
497.755 104.520 60.536 247 0 0
497.757 104.524 60.536 251 0 0
497.758 104.528 60.537 252 0 0
497.760 104.530 60.537 252 0 0
497.703 104.348 60.508 188 0 0
497.704 104.352 60.509 166 0 0
497.706 104.356 60.509 160 0 0
497.707 104.360 60.510 158 0 0
497.708 104.363 60.510 169 0 0
497.710 104.366 60.511 176 0 0
497.710 104.371 60.512 177 0 0
497.712 104.374 60.512 177 0 0
497.713 104.377 60.512 180 0 0
497.714 104.383 60.513 182 0 0
497.715 104.388 60.514 184 0 0
497.713 104.403 60.517 188 0 0
497.714 104.407 60.517 190 0 0
497.715 104.412 60.518 191 0 0
497.716 104.414 60.518 189 0 0
497.718 104.418 60.519 183 0 0
497.719 104.421 60.519 175 0 0
497.721 104.424 60.519 171 0 0
497.722 104.427 60.520 171 0 0
497.723 104.433 60.521 174 0 0
497.725 104.434 60.521 180 0 0
497.726 104.440 60.522 181 0 0
497.727 104.442 60.522 171 0 0
497.728 104.447 60.523 176 0 0
497.729 104.452 60.523 183 0 0
497.730 104.456 60.524 186 0 0
497.732 104.460 60.525 195 0 0
497.732 104.466 60.526 193 0 0
497.733 104.472 60.527 202 0 0
497.734 104.475 60.527 206 0 0
497.736 104.479 60.528 197 0 0
497.742 104.472 60.526 192 0 0
497.744 104.476 60.527 189 0 0
497.745 104.481 60.528 192 0 0
497.746 104.486 60.528 195 0 0
497.747 104.488 60.529 195 0 0
497.748 104.493 60.529 194 0 0
497.749 104.498 60.530 199 0 0
497.750 104.503 60.531 213 0 0
497.752 104.507 60.531 213 0 0
497.753 104.511 60.532 217 0 0
497.754 104.516 60.533 227 0 0
497.755 104.519 60.533 246 0 0
497.756 104.525 60.534 251 0 0
497.758 104.528 60.534 252 0 0
497.759 104.531 60.535 252 0 0
497.703 104.349 60.506 189 0 0
497.704 104.353 60.507 166 0 0
497.705 104.358 60.507 159 0 0
497.706 104.361 60.508 158 0 0
497.708 104.363 60.508 171 0 0
497.710 104.365 60.508 183 0 0
497.711 104.370 60.509 177 0 0
497.712 104.375 60.510 176 0 0
497.713 104.378 60.510 180 0 0
497.714 104.383 60.511 179 0 0
497.715 104.388 60.512 184 0 0
497.713 104.403 60.514 188 0 0
497.714 104.407 60.515 186 0 0
497.715 104.411 60.515 189 0 0
497.716 104.415 60.516 186 0 0
497.718 104.417 60.516 177 0 0
497.719 104.422 60.517 174 0 0
497.721 104.425 60.517 170 0 0
497.722 104.428 60.518 173 0 0
497.724 104.431 60.518 170 0 0
497.725 104.434 60.519 173 0 0
497.726 104.439 60.519 178 0 0
497.727 104.443 60.520 171 0 0
497.728 104.447 60.520 181 0 0
497.730 104.451 60.521 180 0 0
497.730 104.457 60.522 182 0 0
497.731 104.461 60.523 194 0 0
497.732 104.467 60.523 194 0 0
497.733 104.472 60.524 193 0 0
497.735 104.481 60.525 193 0 0
497.740 104.473 60.524 198 0 0
497.742 104.473 60.524 190 0 0
497.744 104.476 60.524 188 0 0
497.745 104.480 60.525 187 0 0
497.746 104.485 60.526 193 0 0
497.747 104.489 60.526 195 0 0
497.748 104.493 60.527 197 0 0
497.750 104.497 60.528 202 0 0
497.751 104.502 60.528 210 0 0
497.751 104.508 60.529 209 0 0
497.753 104.511 60.530 216 0 0
497.754 104.515 60.530 223 0 0
497.755 104.520 60.531 241 0 0
497.757 104.523 60.531 250 0 0
497.758 104.528 60.532 252 0 0
497.759 104.532 60.533 252 0 0
497.771 104.540 60.533 157 0 0
497.703 104.348 60.503 190 0 0
497.704 104.352 60.504 167 0 0
497.706 104.355 60.504 159 0 0
497.707 104.358 60.505 157 0 0
497.708 104.362 60.506 168 0 0
497.709 104.366 60.506 179 0 0
497.710 104.371 60.507 181 0 0
497.712 104.373 60.507 176 0 0
497.713 104.378 60.508 176 0 0
497.714 104.382 60.508 182 0 0
497.715 104.388 60.509 185 0 0
497.713 104.404 60.512 188 0 0
497.714 104.406 60.512 185 0 0
497.715 104.411 60.513 184 0 0
497.716 104.415 60.514 183 0 0
497.717 104.420 60.514 178 0 0
497.719 104.422 60.515 176 0 0
497.721 104.424 60.515 171 0 0
497.722 104.428 60.515 169 0 0
497.724 104.431 60.516 170 0 0
497.724 104.436 60.517 174 0 0
497.726 104.439 60.517 170 0 0
497.727 104.445 60.518 170 0 0
497.728 104.448 60.518 175 0 0
497.730 104.451 60.519 177 0 0
497.730 104.458 60.520 178 0 0
497.731 104.462 60.520 191 0 0
497.732 104.467 60.521 191 0 0
497.733 104.472 60.522 188 0 0
497.734 104.475 60.522 192 0 0
497.735 104.481 60.523 194 0 0
497.742 104.474 60.522 188 0 0
497.743 104.477 60.522 186 0 0
497.745 104.481 60.523 189 0 0
497.746 104.485 60.523 191 0 0
497.747 104.489 60.524 190 0 0
497.748 104.493 60.525 192 0 0
497.749 104.499 60.525 193 0 0
497.750 104.503 60.526 199 0 0
497.752 104.507 60.527 201 0 0
497.753 104.511 60.527 212 0 0
497.754 104.516 60.528 217 0 0
497.755 104.521 60.529 227 0 0
497.756 104.525 60.529 249 0 0
497.758 104.527 60.530 252 0 0
497.759 104.533 60.530 252 0 0
497.768 104.535 60.530 183 0 0
497.769 104.539 60.531 163 0 0
497.770 104.543 60.532 158 0 0
497.772 104.544 60.532 157 0 0
497.776 104.548 60.532 154 0 0
497.778 104.548 60.532 150 0 0
497.780 104.554 60.533 139 0 0
497.704 104.347 60.501 192 0 0
497.704 104.351 60.502 173 0 0
497.706 104.356 60.502 166 0 0
497.707 104.358 60.503 160 0 0
497.709 104.361 60.503 167 0 0
497.710 104.366 60.504 176 0 0
497.711 104.369 60.504 175 0 0
497.712 104.373 60.505 174 0 0
497.713 104.378 60.506 174 0 0
497.714 104.382 60.506 178 0 0
497.715 104.388 60.507 183 0 0
497.713 104.403 60.509 190 0 0
497.714 104.407 60.510 185 0 0
497.715 104.411 60.511 182 0 0
497.716 104.415 60.511 182 0 0
497.718 104.418 60.512 178 0 0
497.719 104.420 60.512 174 0 0
497.720 104.425 60.513 169 0 0
497.722 104.428 60.513 166 0 0
497.723 104.432 60.514 166 0 0
497.724 104.437 60.514 171 0 0
497.726 104.439 60.515 167 0 0
497.727 104.444 60.515 166 0 0
497.728 104.447 60.516 166 0 0
497.729 104.452 60.516 172 0 0
497.730 104.458 60.517 175 0 0
497.731 104.462 60.518 180 0 0
497.732 104.467 60.519 184 0 0
497.733 104.471 60.519 189 0 0
497.734 104.477 60.520 193 0 0
497.735 104.481 60.521 189 0 0
497.740 104.472 60.519 189 0 0
497.742 104.473 60.519 182 0 0
497.743 104.479 60.520 182 0 0
497.745 104.481 60.520 187 0 0
497.746 104.485 60.521 185 0 0
497.747 104.490 60.522 186 0 0
497.748 104.494 60.522 188 0 0
497.749 104.498 60.523 191 0 0
497.751 104.502 60.524 191 0 0
497.752 104.506 60.524 195 0 0
497.753 104.511 60.525 209 0 0
497.754 104.517 60.526 212 0 0
497.755 104.519 60.526 219 0 0
497.756 104.525 60.527 244 0 0
497.757 104.530 60.528 251 0 0
497.759 104.533 60.528 252 0 0
497.766 104.533 60.528 194 0 0
497.766 104.540 60.529 167 0 0
497.768 104.543 60.529 161 0 0
497.770 104.544 60.529 159 0 0
497.772 104.547 60.530 156 0 0
497.773 104.550 60.530 155 0 0
497.701 104.339 60.498 156 0 0
497.703 104.348 60.499 170 0 0
497.704 104.352 60.500 163 0 0
497.706 104.356 60.500 160 0 0
497.707 104.358 60.500 160 0 0
497.709 104.361 60.501 174 0 0
497.709 104.366 60.502 176 0 0
497.711 104.370 60.502 174 0 0
497.712 104.372 60.502 171 0 0
497.713 104.378 60.503 179 0 0
497.714 104.382 60.504 179 0 0
497.715 104.388 60.505 181 0 0
497.712 104.405 60.508 187 0 0
497.714 104.406 60.508 185 0 0
497.715 104.411 60.508 179 0 0
497.716 104.415 60.509 183 0 0
497.718 104.418 60.509 178 0 0
497.719 104.422 60.510 170 0 0
497.720 104.425 60.510 166 0 0
497.722 104.428 60.511 166 0 0
497.723 104.432 60.511 167 0 0
497.725 104.435 60.512 163 0 0
497.725 104.441 60.513 166 0 0
497.727 104.444 60.513 165 0 0
497.728 104.447 60.513 171 0 0
497.729 104.454 60.514 172 0 0
497.730 104.457 60.515 179 0 0
497.731 104.462 60.516 186 0 0
497.732 104.468 60.517 188 0 0
497.733 104.472 60.517 187 0 0
497.734 104.477 60.518 190 0 0
497.735 104.480 60.518 189 0 0
497.740 104.473 60.517 190 0 0
497.742 104.473 60.517 186 0 0
497.743 104.479 60.518 185 0 0
497.744 104.482 60.518 188 0 0
497.746 104.485 60.519 184 0 0
497.747 104.488 60.519 182 0 0
497.748 104.493 60.520 185 0 0
497.750 104.497 60.520 189 0 0
497.751 104.502 60.521 189 0 0
497.752 104.507 60.522 192 0 0
497.753 104.510 60.522 199 0 0
497.754 104.515 60.523 200 0 0
497.755 104.521 60.524 214 0 0
497.756 104.525 60.524 231 0 0
497.758 104.528 60.525 251 0 0
497.759 104.532 60.525 251 0 0
497.765 104.536 60.526 180 0 0
497.766 104.541 60.527 165 0 0
497.768 104.543 60.527 162 0 0
497.769 104.547 60.527 160 0 0
497.771 104.548 60.528 157 0 0
497.773 104.551 60.528 155 0 0
497.775 104.553 60.528 150 0 0
497.704 104.347 60.496 201 0 0
497.705 104.351 60.497 185 0 0
497.706 104.354 60.497 175 0 0
497.707 104.359 60.498 174 0 0
497.709 104.361 60.498 175 0 0
497.710 104.365 60.499 174 0 0
497.711 104.370 60.500 173 0 0
497.712 104.372 60.500 174 0 0
497.713 104.378 60.501 178 0 0
497.714 104.383 60.502 179 0 0
497.714 104.389 60.503 176 0 0
497.713 104.404 60.505 181 0 0
497.714 104.407 60.505 185 0 0
497.715 104.412 60.506 183 0 0
497.717 104.414 60.506 180 0 0
497.717 104.420 60.507 178 0 0
497.719 104.421 60.507 173 0 0
497.721 104.423 60.508 166 0 0
497.722 104.428 60.508 165 0 0
497.723 104.433 60.509 165 0 0
497.724 104.436 60.510 161 0 0
497.725 104.440 60.510 168 0 0
497.727 104.444 60.511 163 0 0
497.728 104.447 60.511 167 0 0
497.729 104.454 60.512 167 0 0
497.730 104.456 60.512 175 0 0
497.731 104.462 60.513 183 0 0
497.732 104.468 60.514 183 0 0
497.733 104.473 60.515 184 0 0
497.734 104.478 60.516 188 0 0
497.735 104.482 60.516 188 0 0
497.742 104.474 60.515 183 0 0
497.744 104.475 60.515 184 0 0
497.745 104.481 60.516 182 0 0
497.746 104.484 60.516 185 0 0
497.747 104.489 60.517 183 0 0
497.749 104.492 60.517 182 0 0
497.750 104.496 60.518 186 0 0
497.750 104.503 60.519 187 0 0
497.752 104.506 60.519 187 0 0
497.753 104.511 60.520 190 0 0
497.754 104.515 60.521 193 0 0
497.755 104.520 60.521 201 0 0
497.756 104.525 60.522 221 0 0
497.758 104.528 60.523 248 0 0
497.759 104.532 60.523 251 0 0
497.764 104.539 60.524 169 0 0
497.766 104.542 60.524 163 0 0
497.767 104.546 60.525 160 0 0
497.769 104.548 60.525 159 0 0
497.771 104.549 60.525 157 0 0
497.773 104.551 60.526 155 0 0
497.773 104.559 60.527 140 0 0
497.704 104.345 60.494 213 0 0
497.705 104.351 60.495 179 0 0
497.706 104.354 60.495 172 0 0
497.708 104.357 60.495 174 0 0
497.709 104.360 60.496 173 0 0
497.710 104.365 60.497 173 0 0
497.711 104.370 60.497 177 0 0
497.712 104.374 60.498 177 0 0
497.713 104.378 60.499 179 0 0
497.714 104.383 60.499 172 0 0
497.715 104.387 60.500 177 0 0
497.712 104.405 60.503 183 0 0
497.714 104.407 60.503 184 0 0
497.715 104.412 60.504 186 0 0
497.716 104.415 60.504 180 0 0
497.718 104.419 60.505 174 0 0
497.719 104.422 60.505 172 0 0
497.721 104.424 60.505 165 0 0
497.721 104.430 60.506 163 0 0
497.723 104.432 60.507 163 0 0
497.725 104.435 60.507 163 0 0
497.725 104.442 60.508 164 0 0
497.726 104.445 60.509 165 0 0
497.728 104.448 60.509 170 0 0
497.729 104.453 60.510 169 0 0
497.730 104.459 60.510 173 0 0
497.731 104.464 60.511 181 0 0
497.732 104.468 60.512 182 0 0
497.733 104.472 60.512 183 0 0
497.734 104.477 60.513 188 0 0
497.735 104.481 60.514 190 0 0
497.742 104.473 60.512 181 0 0
497.744 104.476 60.513 183 0 0
497.745 104.481 60.513 180 0 0
497.746 104.485 60.514 178 0 0
497.747 104.489 60.514 176 0 0
497.748 104.493 60.515 176 0 0
497.750 104.496 60.515 186 0 0
497.751 104.501 60.516 185 0 0
497.753 104.504 60.517 186 0 0
497.753 104.510 60.518 190 0 0
497.754 104.515 60.518 194 0 0
497.756 104.518 60.519 199 0 0
497.757 104.523 60.519 214 0 0
497.758 104.527 60.520 244 0 0
497.759 104.532 60.521 251 0 0
497.763 104.542 60.522 168 0 0
497.766 104.543 60.522 164 0 0
497.767 104.547 60.523 161 0 0
497.769 104.547 60.523 160 0 0
497.771 104.551 60.523 156 0 0
497.772 104.554 60.524 150 0 0
497.704 104.344 60.491 209 0 0
497.705 104.348 60.492 178 0 0
497.706 104.355 60.493 172 0 0
497.707 104.358 60.493 179 0 0
497.709 104.360 60.494 171 0 0
497.710 104.365 60.494 167 0 0
497.711 104.370 60.495 175 0 0
497.712 104.372 60.495 169 0 0
497.713 104.378 60.496 173 0 0
497.715 104.381 60.497 176 0 0
497.715 104.386 60.497 177 0 0
497.712 104.405 60.501 183 0 0
497.714 104.408 60.501 176 0 0
497.715 104.410 60.501 181 0 0
497.716 104.417 60.502 180 0 0
497.718 104.419 60.502 173 0 0
497.719 104.423 60.503 170 0 0
497.720 104.426 60.503 163 0 0
497.721 104.430 60.504 164 0 0
497.723 104.432 60.504 164 0 0
497.724 104.437 60.505 163 0 0
497.725 104.443 60.506 168 0 0
497.727 104.444 60.506 165 0 0
497.728 104.449 60.507 164 0 0
497.729 104.453 60.507 166 0 0
497.730 104.459 60.508 169 0 0
497.731 104.463 60.509 179 0 0
497.732 104.469 60.510 184 0 0
497.733 104.473 60.510 185 0 0
497.733 104.479 60.511 184 0 0
497.735 104.482 60.512 186 0 0
497.743 104.472 60.510 175 0 0
497.744 104.475 60.510 176 0 0
497.745 104.480 60.511 173 0 0
497.746 104.485 60.512 176 0 0
497.747 104.489 60.512 177 0 0
497.749 104.491 60.512 181 0 0
497.750 104.496 60.513 181 0 0
497.751 104.503 60.514 183 0 0
497.752 104.504 60.514 185 0 0
497.753 104.510 60.515 189 0 0
497.754 104.514 60.516 189 0 0
497.755 104.519 60.517 193 0 0
497.757 104.522 60.517 210 0 0
497.758 104.528 60.518 242 0 0
497.763 104.535 60.519 196 0 0
497.764 104.539 60.519 184 0 0
497.766 104.543 60.520 174 0 0
497.767 104.546 60.520 166 0 0
497.769 104.549 60.521 162 0 0
497.770 104.553 60.521 156 0 0
497.772 104.555 60.521 146 0 0
497.704 104.344 60.489 213 0 0
497.706 104.347 60.489 178 0 0
497.706 104.353 60.490 171 0 0
497.708 104.357 60.491 172 0 0
497.709 104.360 60.491 171 0 0
497.710 104.366 60.492 168 0 0
497.711 104.370 60.493 175 0 0
497.712 104.373 60.493 172 0 0
497.714 104.375 60.493 172 0 0
497.714 104.382 60.495 176 0 0
497.715 104.388 60.495 174 0 0
497.712 104.406 60.498 177 0 0
497.714 104.408 60.499 178 0 0
497.715 104.411 60.499 179 0 0
497.716 104.417 60.500 181 0 0
497.718 104.419 60.500 173 0 0
497.719 104.421 60.500 171 0 0
497.720 104.426 60.501 165 0 0
497.721 104.430 60.502 164 0 0
497.723 104.433 60.502 162 0 0
497.724 104.437 60.503 164 0 0
497.725 104.441 60.503 166 0 0
497.726 104.445 60.504 164 0 0
497.728 104.448 60.504 161 0 0
497.729 104.453 60.505 165 0 0
497.730 104.458 60.506 174 0 0
497.731 104.464 60.507 178 0 0
497.732 104.468 60.507 185 0 0
497.733 104.472 60.508 185 0 0
497.734 104.477 60.508 181 0 0
497.736 104.480 60.509 186 0 0
497.744 104.476 60.508 177 0 0
497.745 104.479 60.508 174 0 0
497.746 104.484 60.509 175 0 0
497.748 104.487 60.510 176 0 0
497.749 104.491 60.510 176 0 0
497.750 104.495 60.511 175 0 0
497.751 104.501 60.511 178 0 0
497.752 104.506 60.512 184 0 0
497.753 104.510 60.513 186 0 0
497.754 104.514 60.513 186 0 0
497.756 104.519 60.514 190 0 0
497.757 104.524 60.515 203 0 0
497.758 104.528 60.515 233 0 0
497.759 104.532 60.516 250 0 0
497.763 104.536 60.517 186 0 0
497.763 104.542 60.517 181 0 0
497.766 104.543 60.517 185 0 0
497.767 104.546 60.518 184 0 0
497.769 104.549 60.518 172 0 0
497.771 104.551 60.518 167 0 0
497.772 104.553 60.519 151 0 0
497.704 104.345 60.487 214 0 0
497.706 104.348 60.487 180 0 0
497.706 104.355 60.488 172 0 0
497.708 104.356 60.488 168 0 0
497.709 104.361 60.489 165 0 0
497.710 104.365 60.490 170 0 0
497.711 104.369 60.490 173 0 0
497.712 104.372 60.491 168 0 0
497.713 104.377 60.491 173 0 0
497.714 104.382 60.492 182 0 0
497.715 104.387 60.493 178 0 0
497.712 104.407 60.496 179 0 0
497.713 104.408 60.496 175 0 0
497.715 104.412 60.497 175 0 0
497.716 104.416 60.497 179 0 0
497.718 104.419 60.498 173 0 0
497.719 104.422 60.498 169 0 0
497.720 104.425 60.499 165 0 0
497.721 104.430 60.499 165 0 0
497.723 104.433 60.500 162 0 0
497.724 104.437 60.500 161 0 0
497.725 104.441 60.501 165 0 0
497.727 104.445 60.501 163 0 0
497.728 104.447 60.502 162 0 0
497.729 104.453 60.503 166 0 0
497.730 104.459 60.503 169 0 0
497.731 104.463 60.504 179 0 0
497.732 104.468 60.505 176 0 0
497.733 104.473 60.506 181 0 0
497.734 104.477 60.506 181 0 0
497.735 104.480 60.507 184 0 0
497.740 104.473 60.505 181 0 0
497.742 104.473 60.505 181 0 0
497.744 104.475 60.505 180 0 0
497.745 104.480 60.506 179 0 0
497.746 104.484 60.507 181 0 0
497.748 104.487 60.507 180 0 0
497.749 104.492 60.508 176 0 0
497.750 104.495 60.508 176 0 0
497.751 104.502 60.509 178 0 0
497.752 104.505 60.510 176 0 0
497.754 104.508 60.510 179 0 0
497.755 104.513 60.511 184 0 0
497.756 104.517 60.511 189 0 0
497.757 104.523 60.512 197 0 0
497.758 104.527 60.513 222 0 0
497.759 104.531 60.514 243 0 0
497.762 104.540 60.515 176 0 0
497.763 104.544 60.515 167 0 0
497.765 104.546 60.516 168 0 0
497.766 104.550 60.516 165 0 0
497.768 104.552 60.516 165 0 0
497.770 104.554 60.517 163 0 0
497.771 104.557 60.517 139 0 0
497.704 104.345 60.485 216 0 0
497.706 104.348 60.485 170 0 0
497.707 104.352 60.486 173 0 0
497.707 104.358 60.486 169 0 0
497.709 104.361 60.487 170 0 0
497.710 104.365 60.487 169 0 0
497.711 104.369 60.488 171 0 0
497.712 104.372 60.488 174 0 0
497.714 104.376 60.489 174 0 0
497.714 104.382 60.490 179 0 0
497.715 104.387 60.491 178 0 0
497.712 104.406 60.494 187 0 0
497.713 104.409 60.494 180 0 0
497.715 104.413 60.495 177 0 0
497.716 104.415 60.495 184 0 0
497.717 104.421 60.496 175 0 0
497.719 104.422 60.496 166 0 0
497.720 104.426 60.496 162 0 0
497.721 104.430 60.497 165 0 0
497.723 104.433 60.497 161 0 0
497.724 104.436 60.498 162 0 0
497.725 104.441 60.498 164 0 0
497.726 104.446 60.499 162 0 0
497.728 104.448 60.499 161 0 0
497.729 104.453 60.500 162 0 0
497.729 104.460 60.501 170 0 0
497.731 104.464 60.502 181 0 0
497.732 104.468 60.502 173 0 0
497.733 104.473 60.503 178 0 0
497.734 104.477 60.504 176 0 0
497.735 104.481 60.504 185 0 0
497.743 104.472 60.503 177 0 0
497.744 104.475 60.503 172 0 0
497.745 104.480 60.504 180 0 0
497.747 104.483 60.504 175 0 0
497.747 104.488 60.505 172 0 0
497.749 104.492 60.505 172 0 0
497.750 104.496 60.506 173 0 0
497.751 104.500 60.507 182 0 0
497.753 104.504 60.507 180 0 0
497.754 104.508 60.508 179 0 0
497.754 104.514 60.509 183 0 0
497.756 104.518 60.509 187 0 0
497.757 104.522 60.510 193 0 0
497.758 104.526 60.510 218 0 0
497.759 104.531 60.511 243 0 0
497.762 104.539 60.512 172 0 0
497.763 104.544 60.513 164 0 0
497.765 104.546 60.513 167 0 0
497.766 104.550 60.514 166 0 0
497.768 104.552 60.514 170 0 0
497.769 104.555 60.514 173 0 0
497.771 104.557 60.515 144 0 0
497.704 104.344 60.482 218 0 0
497.706 104.348 60.483 174 0 0
497.706 104.354 60.484 168 0 0
497.708 104.356 60.484 171 0 0
497.709 104.361 60.484 169 0 0
497.710 104.365 60.485 169 0 0
497.712 104.367 60.485 169 0 0
497.712 104.373 60.486 177 0 0
497.713 104.377 60.487 172 0 0
497.714 104.382 60.488 176 0 0
497.715 104.386 60.488 180 0 0
497.712 104.405 60.491 182 0 0
497.713 104.408 60.492 181 0 0
497.714 104.413 60.492 179 0 0
497.716 104.416 60.493 177 0 0
497.717 104.420 60.493 171 0 0
497.718 104.423 60.494 167 0 0
497.720 104.427 60.494 164 0 0
497.722 104.429 60.495 160 0 0
497.723 104.434 60.495 162 0 0
497.724 104.438 60.496 164 0 0
497.725 104.444 60.497 164 0 0
497.726 104.447 60.497 162 0 0
497.728 104.450 60.497 162 0 0
497.729 104.454 60.498 162 0 0
497.730 104.459 60.499 170 0 0
497.730 104.465 60.500 178 0 0
497.732 104.468 60.500 179 0 0
497.733 104.473 60.501 179 0 0
497.734 104.477 60.501 180 0 0
497.735 104.481 60.502 185 0 0
497.743 104.472 60.500 177 0 0
497.744 104.475 60.501 174 0 0
497.745 104.479 60.501 170 0 0
497.747 104.483 60.502 172 0 0
497.748 104.487 60.502 172 0 0
497.749 104.492 60.503 166 0 0
497.750 104.497 60.504 171 0 0
497.752 104.499 60.504 175 0 0
497.752 104.505 60.505 176 0 0
497.753 104.509 60.505 179 0 0
497.755 104.513 60.506 182 0 0
497.756 104.517 60.507 186 0 0
497.757 104.521 60.507 193 0 0
497.758 104.526 60.508 216 0 0
497.762 104.540 60.510 170 0 0
497.763 104.543 60.510 167 0 0
497.764 104.547 60.511 171 0 0
497.766 104.550 60.511 171 0 0
497.768 104.553 60.512 180 0 0
497.704 104.345 60.480 218 0 0
497.705 104.348 60.480 173 0 0
497.706 104.353 60.481 171 0 0
497.708 104.356 60.482 164 0 0
497.710 104.358 60.482 167 0 0
497.710 104.364 60.483 169 0 0
497.711 104.368 60.483 176 0 0
497.712 104.373 60.484 176 0 0
497.713 104.377 60.485 170 0 0
497.714 104.382 60.485 176 0 0
497.715 104.387 60.486 179 0 0
497.712 104.406 60.489 180 0 0
497.713 104.408 60.489 179 0 0
497.715 104.412 60.490 180 0 0
497.716 104.417 60.491 177 0 0
497.717 104.421 60.491 168 0 0
497.718 104.423 60.491 168 0 0
497.720 104.426 60.492 163 0 0
497.722 104.429 60.492 160 0 0
497.722 104.435 60.493 162 0 0
497.724 104.439 60.494 160 0 0
497.725 104.441 60.494 159 0 0
497.726 104.447 60.495 161 0 0
497.728 104.449 60.495 162 0 0
497.728 104.455 60.496 162 0 0
497.729 104.460 60.497 172 0 0
497.730 104.466 60.497 180 0 0
497.732 104.468 60.498 178 0 0
497.733 104.474 60.499 184 0 0
497.734 104.477 60.499 182 0 0
497.735 104.482 60.500 182 0 0
497.744 104.475 60.498 174 0 0
497.746 104.477 60.499 171 0 0
497.746 104.485 60.500 165 0 0
497.748 104.486 60.500 173 0 0
497.749 104.491 60.501 172 0 0
497.751 104.494 60.501 175 0 0
497.751 104.501 60.502 170 0 0
497.753 104.504 60.502 176 0 0
497.754 104.508 60.503 181 0 0
497.755 104.513 60.504 176 0 0
497.756 104.518 60.504 184 0 0
497.757 104.521 60.505 192 0 0
497.758 104.526 60.506 215 0 0
497.760 104.531 60.506 248 0 0
497.761 104.532 60.506 210 0 0
497.762 104.540 60.508 172 0 0
497.763 104.544 60.508 168 0 0
497.764 104.548 60.509 172 0 0
497.766 104.552 60.509 176 0 0
497.767 104.554 60.509 189 0 0
497.774 104.555 60.509 162 0 0
497.776 104.558 60.510 141 0 0
497.704 104.344 60.478 228 0 0
497.706 104.347 60.478 180 0 0
497.706 104.353 60.479 170 0 0
497.708 104.356 60.479 168 0 0
497.709 104.360 60.480 169 0 0
497.710 104.365 60.480 171 0 0
497.712 104.367 60.481 174 0 0
497.713 104.371 60.481 175 0 0
497.713 104.376 60.482 171 0 0
497.714 104.383 60.483 176 0 0
497.715 104.387 60.484 177 0 0
497.712 104.406 60.487 182 0 0
497.714 104.408 60.487 182 0 0
497.714 104.415 60.488 183 0 0
497.716 104.417 60.488 179 0 0
497.717 104.421 60.489 172 0 0
497.719 104.423 60.489 168 0 0
497.720 104.426 60.489 163 0 0
497.721 104.431 60.490 166 0 0
497.723 104.434 60.491 162 0 0
497.724 104.438 60.491 163 0 0
497.725 104.443 60.492 160 0 0
497.726 104.447 60.492 162 0 0
497.728 104.450 60.493 159 0 0
497.728 104.455 60.493 163 0 0
497.729 104.461 60.494 173 0 0
497.731 104.464 60.495 182 0 0
497.732 104.469 60.496 180 0 0
497.733 104.473 60.496 176 0 0
497.733 104.479 60.497 178 0 0
497.735 104.482 60.497 184 0 0
497.744 104.474 60.496 175 0 0
497.745 104.478 60.496 171 0 0
497.746 104.484 60.497 174 0 0
497.748 104.487 60.498 170 0 0
497.749 104.491 60.498 168 0 0
497.751 104.493 60.498 173 0 0
497.751 104.500 60.499 173 0 0
497.752 104.505 60.500 175 0 0
497.754 104.507 60.500 173 0 0
497.755 104.512 60.501 172 0 0
497.756 104.517 60.502 181 0 0
497.757 104.522 60.503 194 0 0
497.758 104.526 60.503 219 0 0
497.760 104.530 60.504 243 0 0
497.761 104.532 60.504 211 0 0
497.762 104.539 60.505 175 0 0
497.763 104.544 60.506 173 0 0
497.764 104.547 60.506 178 0 0
497.766 104.551 60.507 185 0 0
497.767 104.555 60.507 191 0 0
497.704 104.344 60.475 222 0 0
497.705 104.349 60.476 178 0 0
497.707 104.353 60.476 170 0 0
497.708 104.356 60.477 167 0 0
497.709 104.360 60.477 168 0 0
497.710 104.364 60.478 171 0 0
497.712 104.367 60.478 173 0 0
497.712 104.372 60.479 174 0 0
497.714 104.375 60.480 173 0 0
497.715 104.380 60.480 174 0 0
497.715 104.387 60.481 177 0 0
497.712 104.404 60.484 186 0 0
497.713 104.408 60.485 184 0 0
497.714 104.415 60.486 179 0 0
497.715 104.418 60.486 180 0 0
497.717 104.421 60.486 173 0 0
497.718 104.424 60.487 165 0 0
497.720 104.427 60.487 162 0 0
497.721 104.431 60.488 165 0 0
497.723 104.434 60.488 164 0 0
497.723 104.439 60.489 160 0 0
497.724 104.444 60.490 164 0 0
497.725 104.449 60.490 161 0 0
497.727 104.451 60.491 160 0 0
497.728 104.455 60.491 164 0 0
497.729 104.460 60.492 168 0 0
497.730 104.466 60.493 176 0 0
497.731 104.469 60.493 175 0 0
497.732 104.475 60.494 177 0 0
497.734 104.478 60.494 182 0 0
497.735 104.482 60.495 181 0 0
497.743 104.470 60.493 174 0 0
497.744 104.475 60.494 174 0 0
497.746 104.478 60.494 173 0 0
497.747 104.482 60.495 171 0 0
497.748 104.487 60.495 170 0 0
497.749 104.491 60.496 172 0 0
497.750 104.494 60.496 175 0 0
497.752 104.498 60.497 177 0 0
497.753 104.504 60.498 175 0 0
497.754 104.508 60.498 178 0 0
497.755 104.512 60.499 177 0 0
497.756 104.516 60.499 184 0 0
497.757 104.523 60.500 188 0 0
497.758 104.526 60.501 216 0 0
497.760 104.530 60.501 244 0 0
497.761 104.532 60.502 214 0 0
497.762 104.539 60.503 180 0 0
497.762 104.545 60.504 178 0 0
497.764 104.550 60.504 181 0 0
497.765 104.552 60.505 186 0 0
497.767 104.555 60.505 196 0 0
497.705 104.343 60.473 215 0 0
497.706 104.347 60.473 179 0 0
497.707 104.352 60.474 170 0 0
497.708 104.356 60.475 167 0 0
497.709 104.360 60.475 167 0 0
497.710 104.363 60.476 168 0 0
497.711 104.367 60.476 169 0 0
497.712 104.372 60.477 167 0 0
497.713 104.377 60.477 178 0 0
497.714 104.381 60.478 175 0 0
497.715 104.388 60.479 181 0 0
497.712 104.406 60.482 187 0 0
497.714 104.408 60.482 184 0 0
497.714 104.413 60.483 179 0 0
497.715 104.419 60.484 176 0 0
497.717 104.423 60.484 172 0 0
497.718 104.425 60.485 169 0 0
497.720 104.427 60.485 165 0 0
497.721 104.431 60.485 162 0 0
497.722 104.436 60.486 162 0 0
497.723 104.439 60.487 160 0 0
497.724 104.445 60.487 162 0 0
497.726 104.447 60.488 160 0 0
497.727 104.452 60.488 159 0 0
497.728 104.455 60.489 165 0 0
497.729 104.460 60.490 168 0 0
497.730 104.465 60.490 171 0 0
497.731 104.471 60.491 173 0 0
497.733 104.474 60.492 175 0 0
497.734 104.478 60.492 182 0 0
497.735 104.483 60.493 181 0 0
497.744 104.474 60.491 167 0 0
497.746 104.477 60.491 171 0 0
497.747 104.483 60.492 170 0 0
497.748 104.487 60.493 169 0 0
497.749 104.491 60.493 169 0 0
497.751 104.493 60.494 172 0 0
497.751 104.500 60.495 174 0 0
497.753 104.503 60.495 176 0 0
497.753 104.509 60.496 175 0 0
497.755 104.512 60.496 179 0 0
497.756 104.517 60.497 182 0 0
497.757 104.522 60.498 190 0 0
497.758 104.526 60.498 215 0 0
497.760 104.529 60.499 241 0 0
497.761 104.532 60.499 215 0 0
497.762 104.540 60.500 182 0 0
497.762 104.546 60.501 177 0 0
497.764 104.548 60.502 184 0 0
497.765 104.553 60.502 189 0 0
497.774 104.557 60.503 190 0 0
497.704 104.344 60.471 215 0 0
497.706 104.347 60.471 175 0 0
497.706 104.354 60.472 168 0 0
497.708 104.355 60.472 169 0 0
497.709 104.360 60.473 165 0 0
497.710 104.365 60.474 166 0 0
497.711 104.367 60.474 170 0 0
497.713 104.371 60.474 168 0 0
497.713 104.376 60.475 177 0 0
497.714 104.382 60.476 173 0 0
497.715 104.388 60.477 177 0 0
497.712 104.406 60.480 181 0 0
497.713 104.410 60.480 176 0 0
497.714 104.414 60.481 181 0 0
497.715 104.418 60.481 180 0 0
497.717 104.421 60.482 168 0 0
497.718 104.426 60.482 170 0 0
497.720 104.427 60.483 164 0 0
497.721 104.432 60.483 162 0 0
497.722 104.436 60.484 163 0 0
497.724 104.438 60.484 165 0 0
497.724 104.444 60.485 162 0 0
497.726 104.447 60.485 163 0 0
497.727 104.451 60.486 159 0 0
497.728 104.457 60.487 162 0 0
497.729 104.461 60.487 170 0 0
497.730 104.466 60.488 171 0 0
497.731 104.471 60.489 177 0 0
497.732 104.475 60.489 175 0 0
497.733 104.480 60.490 175 0 0
497.734 104.484 60.491 178 0 0
497.743 104.472 60.488 168 0 0
497.744 104.474 60.489 167 0 0
497.745 104.478 60.489 165 0 0
497.747 104.483 60.490 168 0 0
497.748 104.486 60.490 170 0 0
497.749 104.492 60.491 172 0 0
497.750 104.495 60.492 170 0 0
497.752 104.499 60.492 176 0 0
497.753 104.503 60.493 172 0 0
497.754 104.507 60.493 175 0 0
497.755 104.513 60.494 179 0 0
497.756 104.517 60.495 182 0 0
497.757 104.522 60.495 194 0 0
497.759 104.525 60.496 213 0 0
497.759 104.531 60.497 241 0 0
497.761 104.533 60.497 213 0 0
497.762 104.540 60.498 182 0 0
497.762 104.547 60.499 177 0 0
497.763 104.551 60.500 187 0 0
497.765 104.553 60.500 191 0 0
497.774 104.556 60.500 165 0 0
497.705 104.343 60.468 221 0 0
497.705 104.348 60.469 188 0 0
497.707 104.353 60.470 173 0 0
497.708 104.356 60.470 169 0 0
497.709 104.361 60.471 169 0 0
497.711 104.362 60.471 166 0 0
497.711 104.368 60.472 164 0 0
497.712 104.372 60.472 169 0 0
497.714 104.375 60.473 171 0 0
497.715 104.381 60.473 180 0 0
497.715 104.385 60.474 184 0 0
497.712 104.406 60.477 177 0 0
497.713 104.410 60.478 175 0 0
497.714 104.415 60.479 174 0 0
497.715 104.420 60.479 176 0 0
497.717 104.421 60.480 171 0 0
497.718 104.424 60.480 165 0 0
497.720 104.428 60.480 165 0 0
497.721 104.432 60.481 163 0 0
497.722 104.436 60.482 162 0 0
497.723 104.440 60.482 159 0 0
497.724 104.444 60.483 160 0 0
497.726 104.448 60.483 159 0 0
497.727 104.453 60.484 160 0 0
497.728 104.455 60.484 163 0 0
497.729 104.462 60.485 169 0 0
497.730 104.467 60.486 173 0 0
497.731 104.472 60.487 173 0 0
497.732 104.475 60.487 174 0 0
497.733 104.479 60.488 173 0 0
497.735 104.483 60.488 170 0 0
497.740 104.472 60.486 176 0 0
497.743 104.471 60.486 173 0 0
497.744 104.474 60.486 168 0 0
497.746 104.478 60.487 165 0 0
497.747 104.482 60.487 174 0 0
497.748 104.487 60.488 170 0 0
497.749 104.492 60.489 167 0 0
497.751 104.493 60.489 171 0 0
497.752 104.499 60.490 177 0 0
497.752 104.504 60.491 175 0 0
497.753 104.509 60.491 182 0 0
497.755 104.513 60.492 177 0 0
497.756 104.517 60.492 184 0 0
497.757 104.521 60.493 192 0 0
497.759 104.524 60.493 215 0 0
497.760 104.530 60.494 244 0 0
497.761 104.532 60.495 212 0 0
497.761 104.541 60.496 182 0 0
497.762 104.546 60.497 177 0 0
497.764 104.548 60.497 185 0 0
497.765 104.553 60.497 188 0 0
497.767 104.556 60.498 195 0 0
497.705 104.342 60.466 214 0 0
497.706 104.347 60.466 184 0 0
497.707 104.352 60.467 178 0 0
497.708 104.355 60.468 170 0 0
497.709 104.360 60.468 166 0 0
497.711 104.363 60.469 166 0 0
497.712 104.367 60.469 167 0 0
497.713 104.370 60.470 170 0 0
497.713 104.377 60.471 178 0 0
497.714 104.382 60.471 175 0 0
497.715 104.386 60.472 181 0 0
497.711 104.409 60.475 178 0 0
497.712 104.412 60.476 182 0 0
497.714 104.415 60.476 178 0 0
497.715 104.420 60.477 175 0 0
497.717 104.423 60.477 173 0 0
497.718 104.426 60.478 167 0 0
497.719 104.429 60.478 163 0 0
497.720 104.433 60.479 162 0 0
497.722 104.437 60.479 166 0 0
497.723 104.441 60.480 162 0 0
497.724 104.445 60.480 163 0 0
497.725 104.449 60.481 162 0 0
497.727 104.453 60.482 161 0 0
497.728 104.458 60.482 162 0 0
497.729 104.461 60.483 169 0 0
497.730 104.468 60.484 173 0 0
497.731 104.472 60.484 179 0 0
497.732 104.477 60.485 181 0 0
497.733 104.479 60.485 178 0 0
497.734 104.484 60.486 180 0 0
497.743 104.470 60.483 173 0 0
497.744 104.474 60.484 172 0 0
497.745 104.479 60.485 178 0 0
497.747 104.483 60.485 170 0 0
497.748 104.486 60.486 170 0 0
497.749 104.490 60.486 173 0 0
497.751 104.494 60.487 167 0 0
497.751 104.501 60.488 171 0 0
497.753 104.503 60.488 174 0 0
497.754 104.507 60.489 175 0 0
497.755 104.513 60.489 172 0 0
497.756 104.517 60.490 186 0 0
497.757 104.522 60.491 191 0 0
497.758 104.526 60.491 212 0 0
497.760 104.530 60.492 243 0 0
497.761 104.532 60.492 214 0 0
497.761 104.541 60.493 182 0 0
497.762 104.547 60.494 176 0 0
497.764 104.549 60.495 184 0 0
497.765 104.554 60.495 188 0 0
497.767 104.556 60.495 193 0 0
497.705 104.342 60.463 220 0 0
497.706 104.347 60.464 177 0 0
497.707 104.353 60.465 173 0 0
497.708 104.356 60.465 170 0 0
497.709 104.359 60.466 165 0 0
497.710 104.363 60.466 169 0 0
497.711 104.369 60.467 167 0 0
497.713 104.371 60.467 170 0 0
497.714 104.375 60.468 173 0 0
497.714 104.382 60.469 172 0 0
497.715 104.386 60.470 182 0 0
497.712 104.407 60.473 182 0 0
497.713 104.410 60.473 184 0 0
497.713 104.417 60.474 182 0 0
497.715 104.420 60.475 176 0 0
497.717 104.422 60.475 169 0 0
497.717 104.427 60.476 166 0 0
497.719 104.429 60.476 165 0 0
497.720 104.435 60.477 163 0 0
497.722 104.438 60.477 162 0 0
497.723 104.441 60.478 160 0 0
497.724 104.444 60.478 162 0 0
497.725 104.450 60.479 160 0 0
497.727 104.453 60.479 162 0 0
497.728 104.456 60.480 162 0 0
497.728 104.465 60.481 169 0 0
497.730 104.467 60.481 175 0 0
497.731 104.472 60.482 180 0 0
497.732 104.478 60.483 180 0 0
497.733 104.481 60.483 182 0 0
497.734 104.484 60.484 183 0 0
497.743 104.471 60.481 170 0 0
497.744 104.474 60.482 174 0 0
497.745 104.478 60.482 167 0 0
497.747 104.483 60.483 167 0 0
497.748 104.485 60.483 168 0 0
497.749 104.490 60.484 168 0 0
497.750 104.496 60.485 168 0 0
497.751 104.499 60.485 177 0 0
497.752 104.504 60.486 170 0 0
497.754 104.507 60.486 177 0 0
497.755 104.512 60.487 179 0 0
497.756 104.518 60.488 188 0 0
497.757 104.521 60.488 192 0 0
497.758 104.526 60.489 214 0 0
497.760 104.530 60.490 245 0 0
497.761 104.533 60.490 215 0 0
497.762 104.540 60.491 184 0 0
497.762 104.546 60.492 177 0 0
497.763 104.551 60.492 186 0 0
497.765 104.553 60.493 189 0 0
497.767 104.557 60.493 193 0 0
497.774 104.558 60.493 159 0 0
497.706 104.340 60.461 217 0 0
497.706 104.347 60.462 187 0 0
497.707 104.353 60.463 172 0 0
497.708 104.357 60.463 169 0 0
497.709 104.359 60.463 171 0 0
497.710 104.363 60.464 170 0 0
497.711 104.368 60.465 170 0 0
497.713 104.371 60.465 170 0 0
497.714 104.375 60.466 172 0 0
497.715 104.380 60.466 174 0 0
497.715 104.388 60.468 178 0 0
497.711 104.408 60.471 182 0 0
497.713 104.411 60.471 182 0 0
497.713 104.418 60.472 179 0 0
497.715 104.420 60.472 178 0 0
497.716 104.425 60.473 181 0 0
497.718 104.426 60.473 168 0 0
497.719 104.429 60.474 165 0 0
497.720 104.434 60.474 163 0 0
497.722 104.438 60.475 160 0 0
497.723 104.441 60.475 159 0 0
497.724 104.446 60.476 162 0 0
497.725 104.450 60.477 161 0 0
497.727 104.453 60.477 163 0 0
497.727 104.458 60.478 164 0 0
497.729 104.462 60.478 165 0 0
497.729 104.470 60.479 176 0 0
497.730 104.474 60.480 172 0 0
497.732 104.477 60.480 178 0 0
497.733 104.481 60.481 182 0 0
497.734 104.486 60.481 181 0 0
497.744 104.474 60.479 173 0 0
497.746 104.477 60.480 168 0 0
497.747 104.483 60.481 170 0 0
497.748 104.486 60.481 167 0 0
497.750 104.489 60.481 166 0 0
497.751 104.492 60.482 168 0 0
497.752 104.498 60.483 176 0 0
497.752 104.504 60.484 169 0 0
497.754 104.507 60.484 171 0 0
497.755 104.513 60.485 177 0 0
497.756 104.519 60.486 186 0 0
497.757 104.522 60.486 198 0 0
497.759 104.525 60.486 217 0 0
497.760 104.530 60.487 241 0 0
497.761 104.533 60.487 216 0 0
497.762 104.538 60.488 186 0 0
497.762 104.546 60.489 181 0 0
497.764 104.549 60.490 187 0 0
497.765 104.554 60.491 191 0 0
497.767 104.556 60.491 197 0 0
497.774 104.558 60.491 160 0 0
497.705 104.342 60.459 215 0 0
497.706 104.348 60.460 186 0 0
497.707 104.351 60.460 173 0 0
497.708 104.355 60.461 164 0 0
497.709 104.359 60.461 168 0 0
497.711 104.363 60.462 168 0 0
497.712 104.366 60.462 173 0 0
497.712 104.372 60.463 175 0 0
497.714 104.375 60.463 171 0 0
497.715 104.381 60.464 174 0 0
497.715 104.386 60.465 180 0 0
497.711 104.408 60.468 181 0 0
497.713 104.412 60.469 176 0 0
497.713 104.417 60.470 179 0 0
497.715 104.420 60.470 175 0 0
497.716 104.424 60.471 174 0 0
497.717 104.427 60.471 165 0 0
497.718 104.432 60.472 164 0 0
497.720 104.435 60.472 163 0 0
497.722 104.438 60.472 163 0 0
497.723 104.441 60.473 164 0 0
497.724 104.447 60.474 162 0 0
497.726 104.448 60.474 161 0 0
497.726 104.454 60.475 164 0 0
497.727 104.458 60.475 164 0 0
497.729 104.462 60.476 170 0 0
497.729 104.468 60.477 176 0 0
497.730 104.473 60.477 176 0 0
497.732 104.476 60.478 177 0 0
497.733 104.480 60.478 178 0 0
497.734 104.484 60.479 181 0 0
497.745 104.472 60.477 169 0 0
497.746 104.478 60.477 166 0 0
497.747 104.483 60.478 175 0 0
497.748 104.486 60.479 167 0 0
497.749 104.490 60.479 172 0 0
497.751 104.494 60.480 171 0 0
497.752 104.496 60.480 175 0 0
497.753 104.504 60.481 173 0 0
497.754 104.507 60.482 171 0 0
497.755 104.512 60.482 182 0 0
497.756 104.517 60.483 186 0 0
497.757 104.523 60.484 196 0 0
497.758 104.525 60.484 214 0 0
497.760 104.529 60.485 240 0 0
497.761 104.532 60.485 217 0 0
497.762 104.539 60.486 187 0 0
497.762 104.546 60.487 182 0 0
497.764 104.548 60.487 188 0 0
497.765 104.553 60.488 192 0 0
497.767 104.556 60.488 203 0 0
497.706 104.340 60.456 216 0 0
497.706 104.347 60.457 187 0 0
497.707 104.351 60.458 172 0 0
497.708 104.356 60.458 170 0 0
497.709 104.359 60.459 165 0 0
497.711 104.363 60.459 168 0 0
497.712 104.366 60.460 169 0 0
497.713 104.371 60.460 172 0 0
497.714 104.375 60.461 170 0 0
497.715 104.380 60.462 175 0 0
497.715 104.386 60.463 179 0 0
497.711 104.409 60.466 182 0 0
497.712 104.412 60.467 176 0 0
497.713 104.417 60.467 169 0 0
497.714 104.423 60.468 174 0 0
497.716 104.425 60.468 177 0 0
497.717 104.428 60.469 170 0 0
497.719 104.432 60.469 162 0 0
497.720 104.435 60.470 163 0 0
497.722 104.437 60.470 166 0 0
497.722 104.444 60.471 162 0 0
497.724 104.447 60.471 163 0 0
497.725 104.449 60.472 160 0 0
497.726 104.454 60.472 159 0 0
497.727 104.460 60.473 162 0 0
497.729 104.463 60.474 171 0 0
497.729 104.469 60.474 181 0 0
497.730 104.474 60.475 179 0 0
497.731 104.478 60.476 180 0 0
497.733 104.482 60.476 179 0 0
497.734 104.487 60.477 180 0 0
497.744 104.475 60.475 177 0 0
497.746 104.477 60.475 169 0 0
497.747 104.482 60.476 169 0 0
497.748 104.487 60.476 167 0 0
497.749 104.491 60.477 173 0 0
497.750 104.495 60.477 172 0 0
497.752 104.498 60.478 173 0 0
497.753 104.504 60.479 175 0 0
497.754 104.506 60.479 174 0 0
497.755 104.512 60.480 182 0 0
497.756 104.516 60.480 189 0 0
497.757 104.522 60.481 196 0 0
497.759 104.525 60.482 215 0 0
497.760 104.529 60.482 243 0 0
497.761 104.532 60.483 217 0 0
497.762 104.540 60.484 188 0 0
497.762 104.545 60.485 184 0 0
497.763 104.551 60.485 189 0 0
497.765 104.553 60.486 192 0 0
497.767 104.557 60.486 206 0 0
497.706 104.340 60.454 217 0 0
497.706 104.347 60.455 192 0 0
497.707 104.352 60.456 170 0 0
497.708 104.355 60.456 166 0 0
497.709 104.359 60.457 165 0 0
497.710 104.363 60.457 165 0 0
497.712 104.366 60.457 167 0 0
497.713 104.371 60.458 169 0 0
497.713 104.376 60.459 174 0 0
497.715 104.380 60.459 176 0 0
497.715 104.386 60.460 180 0 0
497.711 104.411 60.464 180 0 0
497.712 104.413 60.465 179 0 0
497.713 104.417 60.465 178 0 0
497.714 104.424 60.466 179 0 0
497.716 104.426 60.466 174 0 0
497.717 104.428 60.467 171 0 0
497.718 104.433 60.467 159 0 0
497.719 104.436 60.468 162 0 0
497.721 104.440 60.468 164 0 0
497.723 104.441 60.468 162 0 0
497.723 104.448 60.469 163 0 0
497.725 104.450 60.469 160 0 0
497.726 104.456 60.470 162 0 0
497.727 104.459 60.471 164 0 0
497.728 104.464 60.471 167 0 0
497.729 104.470 60.472 177 0 0
497.730 104.475 60.473 179 0 0
497.731 104.479 60.473 180 0 0
497.732 104.484 60.474 185 0 0
497.734 104.486 60.474 180 0 0
497.744 104.474 60.472 174 0 0
497.746 104.478 60.473 169 0 0
497.747 104.482 60.473 170 0 0
497.748 104.485 60.474 170 0 0
497.750 104.488 60.474 169 0 0
497.751 104.494 60.475 165 0 0
497.752 104.498 60.476 170 0 0
497.753 104.502 60.476 177 0 0
497.754 104.508 60.477 182 0 0
497.755 104.511 60.477 179 0 0
497.756 104.518 60.478 186 0 0
497.757 104.521 60.479 192 0 0
497.759 104.524 60.479 214 0 0
497.760 104.530 60.480 241 0 0
497.761 104.532 60.480 217 0 0
497.762 104.539 60.481 189 0 0
497.763 104.545 60.482 185 0 0
497.764 104.549 60.483 187 0 0
497.765 104.553 60.483 189 0 0
497.767 104.556 60.484 198 0 0
497.706 104.340 60.452 210 0 0
497.706 104.345 60.452 188 0 0
497.707 104.351 60.453 167 0 0
497.708 104.355 60.454 167 0 0
497.709 104.360 60.454 165 0 0
497.710 104.364 60.455 167 0 0
497.712 104.367 60.455 170 0 0
497.713 104.371 60.456 170 0 0
497.714 104.376 60.457 174 0 0
497.715 104.381 60.457 179 0 0
497.715 104.387 60.458 178 0 0
497.711 104.409 60.462 180 0 0
497.712 104.413 60.462 181 0 0
497.713 104.417 60.463 176 0 0
497.714 104.423 60.464 175 0 0
497.716 104.426 60.464 177 0 0
497.717 104.429 60.464 169 0 0
497.719 104.432 60.465 165 0 0
497.720 104.435 60.465 163 0 0
497.721 104.440 60.466 162 0 0
497.722 104.444 60.466 160 0 0
497.723 104.447 60.467 163 0 0
497.725 104.451 60.467 161 0 0
497.726 104.455 60.468 167 0 0
497.727 104.461 60.469 163 0 0
497.728 104.464 60.469 166 0 0
497.729 104.470 60.470 173 0 0
497.730 104.475 60.471 174 0 0
497.731 104.480 60.471 180 0 0
497.732 104.484 60.472 185 0 0
497.733 104.488 60.472 189 0 0
497.743 104.471 60.469 173 0 0
497.744 104.474 60.470 174 0 0
497.746 104.476 60.470 169 0 0
497.746 104.484 60.471 167 0 0
497.748 104.485 60.471 171 0 0
497.750 104.489 60.472 172 0 0
497.750 104.494 60.473 170 0 0
497.752 104.499 60.473 170 0 0
497.753 104.501 60.474 180 0 0
497.754 104.508 60.475 176 0 0
497.755 104.512 60.475 180 0 0
497.756 104.519 60.476 181 0 0
497.757 104.521 60.476 189 0 0
497.759 104.524 60.477 212 0 0
497.760 104.530 60.478 240 0 0
497.761 104.532 60.478 220 0 0
497.762 104.537 60.479 188 0 0
497.763 104.544 60.480 184 0 0
497.764 104.548 60.480 184 0 0
497.766 104.551 60.481 181 0 0
497.766 104.558 60.481 185 0 0
497.707 104.337 60.449 200 0 0
497.706 104.346 60.450 185 0 0
497.707 104.353 60.451 166 0 0
497.708 104.356 60.451 167 0 0
497.709 104.360 60.452 165 0 0
497.711 104.363 60.452 168 0 0
497.711 104.368 60.453 170 0 0
497.712 104.372 60.454 169 0 0
497.713 104.377 60.454 179 0 0
497.714 104.381 60.455 182 0 0
497.715 104.387 60.456 178 0 0
497.711 104.411 60.460 183 0 0
497.712 104.415 60.460 179 0 0
497.712 104.421 60.461 176 0 0
497.714 104.424 60.461 178 0 0
497.716 104.426 60.462 181 0 0
497.717 104.430 60.462 171 0 0
497.718 104.433 60.463 168 0 0
497.719 104.438 60.463 162 0 0
497.721 104.441 60.464 161 0 0
497.722 104.445 60.464 160 0 0
497.723 104.449 60.465 163 0 0
497.724 104.454 60.465 161 0 0
497.726 104.456 60.466 163 0 0
497.727 104.460 60.466 160 0 0
497.728 104.466 60.467 168 0 0
497.728 104.473 60.468 176 0 0
497.730 104.476 60.468 176 0 0
497.730 104.481 60.469 182 0 0
497.732 104.483 60.469 184 0 0
497.733 104.488 60.470 181 0 0
497.744 104.474 60.467 173 0 0
497.746 104.475 60.468 169 0 0
497.747 104.483 60.469 173 0 0
497.748 104.485 60.469 173 0 0
497.749 104.489 60.470 171 0 0
497.751 104.493 60.470 173 0 0
497.752 104.498 60.471 171 0 0
497.753 104.502 60.471 176 0 0
497.754 104.507 60.472 170 0 0
497.755 104.511 60.473 176 0 0
497.756 104.516 60.473 178 0 0
497.757 104.521 60.474 187 0 0
497.759 104.525 60.474 207 0 0
497.760 104.529 60.475 241 0 0
497.762 104.531 60.475 218 0 0
497.762 104.538 60.476 189 0 0
497.763 104.544 60.477 182 0 0
497.765 104.546 60.477 172 0 0
497.767 104.547 60.477 152 0 0
497.769 104.548 60.478 145 0 0
497.707 104.337 60.446 203 0 0
497.706 104.347 60.448 186 0 0
497.707 104.351 60.449 168 0 0
497.708 104.355 60.449 168 0 0
497.710 104.357 60.449 172 0 0
497.711 104.362 60.450 168 0 0
497.712 104.367 60.451 168 0 0
497.713 104.371 60.451 173 0 0
497.714 104.376 60.452 170 0 0
497.715 104.381 60.453 173 0 0
497.715 104.387 60.453 180 0 0
497.711 104.409 60.457 186 0 0
497.712 104.415 60.458 183 0 0
497.712 104.421 60.459 178 0 0
497.714 104.423 60.459 177 0 0
497.715 104.428 60.460 173 0 0
497.717 104.430 60.460 170 0 0
497.718 104.435 60.460 166 0 0
497.719 104.439 60.461 161 0 0
497.720 104.442 60.461 161 0 0
497.721 104.447 60.462 158 0 0
497.723 104.450 60.462 164 0 0
497.724 104.453 60.463 162 0 0
497.726 104.456 60.463 160 0 0
497.727 104.461 60.464 160 0 0
497.727 104.467 60.465 167 0 0
497.728 104.472 60.466 175 0 0
497.729 104.477 60.466 179 0 0
497.731 104.480 60.467 180 0 0
497.732 104.485 60.467 179 0 0
497.733 104.489 60.468 178 0 0
497.745 104.472 60.465 167 0 0
497.747 104.475 60.465 170 0 0
497.747 104.481 60.466 170 0 0
497.748 104.484 60.467 170 0 0
497.749 104.491 60.468 179 0 0
497.751 104.493 60.468 178 0 0
497.752 104.498 60.468 170 0 0
497.753 104.503 60.469 172 0 0
497.754 104.507 60.470 173 0 0
497.755 104.511 60.470 175 0 0
497.757 104.515 60.471 177 0 0
497.758 104.519 60.471 186 0 0
497.759 104.523 60.472 201 0 0
497.760 104.528 60.473 239 0 0
497.762 104.531 60.473 219 0 0
497.763 104.537 60.474 186 0 0
497.763 104.543 60.475 178 0 0
497.765 104.546 60.475 165 0 0
497.707 104.335 60.444 197 0 0
497.706 104.346 60.445 190 0 0
497.707 104.352 60.446 167 0 0
497.708 104.356 60.447 173 0 0
497.709 104.360 60.448 168 0 0
497.711 104.362 60.448 171 0 0
497.711 104.368 60.449 167 0 0
497.713 104.371 60.449 175 0 0
497.714 104.375 60.450 179 0 0
497.715 104.381 60.450 178 0 0
497.715 104.386 60.451 176 0 0
497.710 104.412 60.455 182 0 0
497.712 104.414 60.455 177 0 0
497.712 104.422 60.456 182 0 0
497.713 104.425 60.457 183 0 0
497.715 104.430 60.457 176 0 0
497.717 104.430 60.457 166 0 0
497.718 104.435 60.458 164 0 0
497.719 104.440 60.459 162 0 0
497.720 104.442 60.459 161 0 0
497.721 104.448 60.460 160 0 0
497.722 104.451 60.460 163 0 0
497.724 104.453 60.461 160 0 0
497.725 104.457 60.461 160 0 0
497.726 104.463 60.462 164 0 0
497.727 104.467 60.463 168 0 0
497.728 104.474 60.463 179 0 0
497.729 104.476 60.464 175 0 0
497.730 104.483 60.465 174 0 0
497.732 104.485 60.465 174 0 0
497.733 104.488 60.465 180 0 0
497.744 104.474 60.463 173 0 0
497.746 104.477 60.463 172 0 0
497.747 104.481 60.464 172 0 0
497.749 104.484 60.464 168 0 0
497.750 104.488 60.465 172 0 0
497.751 104.493 60.465 171 0 0
497.752 104.498 60.466 166 0 0
497.753 104.502 60.467 172 0 0
497.754 104.505 60.467 178 0 0
497.755 104.512 60.468 176 0 0
497.756 104.516 60.469 179 0 0
497.758 104.520 60.469 186 0 0
497.759 104.523 60.469 201 0 0
497.760 104.528 60.470 239 0 0
497.762 104.530 60.470 217 0 0
497.763 104.535 60.471 186 0 0
497.763 104.542 60.472 174 0 0
497.765 104.545 60.473 169 0 0
497.767 104.547 60.473 157 0 0
497.708 104.333 60.441 195 0 0
497.706 104.347 60.443 188 0 0
497.707 104.352 60.444 167 0 0
497.709 104.354 60.444 170 0 0
497.709 104.360 60.445 173 0 0
497.711 104.362 60.445 168 0 0
497.712 104.367 60.446 165 0 0
497.713 104.370 60.446 171 0 0
497.714 104.376 60.447 178 0 0
497.715 104.380 60.448 176 0 0
497.715 104.386 60.449 176 0 0
497.711 104.410 60.453 184 0 0
497.711 104.417 60.453 184 0 0
497.712 104.421 60.454 180 0 0
497.712 104.428 60.455 177 0 0
497.715 104.430 60.455 178 0 0
497.716 104.433 60.456 165 0 0
497.717 104.437 60.456 162 0 0
497.718 104.440 60.457 161 0 0
497.720 104.445 60.457 160 0 0
497.721 104.448 60.458 162 0 0
497.723 104.450 60.458 161 0 0
497.723 104.456 60.459 160 0 0
497.725 104.460 60.459 162 0 0
497.726 104.463 60.460 164 0 0
497.727 104.468 60.460 171 0 0
497.727 104.475 60.461 175 0 0
497.729 104.479 60.462 172 0 0
497.730 104.483 60.462 177 0 0
497.731 104.487 60.463 178 0 0
497.733 104.490 60.463 183 0 0
497.744 104.474 60.460 166 0 0
497.746 104.476 60.461 165 0 0
497.747 104.480 60.461 172 0 0
497.748 104.485 60.462 172 0 0
497.750 104.488 60.462 168 0 0
497.751 104.493 60.463 173 0 0
497.752 104.498 60.464 172 0 0
497.753 104.502 60.464 173 0 0
497.754 104.506 60.465 180 0 0
497.756 104.510 60.465 174 0 0
497.757 104.515 60.466 179 0 0
497.758 104.519 60.467 186 0 0
497.759 104.523 60.467 200 0 0
497.761 104.527 60.468 236 0 0
497.762 104.530 60.468 218 0 0
497.763 104.536 60.469 182 0 0
497.764 104.541 60.469 168 0 0
497.765 104.545 60.470 172 0 0
497.767 104.548 60.470 174 0 0
497.708 104.332 60.439 189 0 0
497.706 104.347 60.441 190 0 0
497.707 104.352 60.442 167 0 0
497.708 104.355 60.442 171 0 0
497.709 104.360 60.443 170 0 0
497.711 104.362 60.443 168 0 0
497.712 104.367 60.444 167 0 0
497.713 104.369 60.444 166 0 0
497.714 104.376 60.445 173 0 0
497.715 104.379 60.445 174 0 0
497.715 104.387 60.447 175 0 0
497.710 104.413 60.451 182 0 0
497.711 104.416 60.451 182 0 0
497.712 104.422 60.452 178 0 0
497.712 104.428 60.453 175 0 0
497.714 104.431 60.453 172 0 0
497.715 104.434 60.453 166 0 0
497.717 104.436 60.454 161 0 0
497.718 104.442 60.455 163 0 0
497.720 104.444 60.455 160 0 0
497.721 104.447 60.455 161 0 0
497.722 104.452 60.456 160 0 0
497.724 104.455 60.456 160 0 0
497.725 104.459 60.457 163 0 0
497.726 104.464 60.457 163 0 0
497.727 104.469 60.458 171 0 0
497.727 104.476 60.459 170 0 0
497.729 104.479 60.460 177 0 0
497.730 104.484 60.460 180 0 0
497.731 104.486 60.460 180 0 0
497.733 104.489 60.461 181 0 0
497.745 104.471 60.458 170 0 0
497.746 104.477 60.458 173 0 0
497.747 104.481 60.459 178 0 0
497.749 104.483 60.459 168 0 0
497.749 104.490 60.460 168 0 0
497.751 104.492 60.461 168 0 0
497.753 104.495 60.461 168 0 0
497.753 104.501 60.462 174 0 0
497.754 104.506 60.462 176 0 0
497.755 104.510 60.463 171 0 0
497.757 104.514 60.463 176 0 0
497.758 104.519 60.464 185 0 0
497.759 104.523 60.465 196 0 0
497.761 104.526 60.465 230 0 0
497.762 104.530 60.466 214 0 0
497.763 104.535 60.466 181 0 0
497.764 104.539 60.467 165 0 0
497.765 104.544 60.468 168 0 0
497.767 104.547 60.468 170 0 0
497.708 104.330 60.436 189 0 0
497.706 104.346 60.439 191 0 0
497.707 104.352 60.439 167 0 0
497.708 104.357 60.440 167 0 0
497.709 104.360 60.441 168 0 0
497.710 104.364 60.441 172 0 0
497.712 104.367 60.442 170 0 0
497.713 104.369 60.442 165 0 0
497.714 104.375 60.443 173 0 0
497.715 104.380 60.443 174 0 0
497.715 104.387 60.444 172 0 0
497.710 104.413 60.448 175 0 0
497.711 104.418 60.449 179 0 0
497.711 104.426 60.450 185 0 0
497.712 104.430 60.451 172 0 0
497.714 104.433 60.451 173 0 0
497.716 104.434 60.451 168 0 0
497.716 104.439 60.452 163 0 0
497.718 104.441 60.452 163 0 0
497.719 104.445 60.453 159 0 0
497.721 104.448 60.453 160 0 0
497.722 104.452 60.453 160 0 0
497.723 104.457 60.454 160 0 0
497.725 104.459 60.454 161 0 0
497.726 104.465 60.455 161 0 0
497.726 104.471 60.456 163 0 0
497.728 104.475 60.457 174 0 0
497.728 104.481 60.457 182 0 0
497.730 104.484 60.458 178 0 0
497.730 104.489 60.459 176 0 0
497.732 104.491 60.459 180 0 0
497.745 104.470 60.455 172 0 0
497.746 104.477 60.456 173 0 0
497.747 104.480 60.457 168 0 0
497.748 104.485 60.457 167 0 0
497.750 104.488 60.458 169 0 0
497.751 104.492 60.458 172 0 0
497.752 104.496 60.459 167 0 0
497.753 104.501 60.459 173 0 0
497.754 104.505 60.460 168 0 0
497.756 104.509 60.460 169 0 0
497.757 104.512 60.461 182 0 0
497.759 104.517 60.461 185 0 0
497.760 104.519 60.462 192 0 0
497.763 104.526 60.463 198 0 0
497.765 104.529 60.463 167 0 0
497.709 104.327 60.434 185 0 0
497.706 104.345 60.436 194 0 0
497.707 104.351 60.437 166 0 0
497.708 104.355 60.438 170 0 0
497.709 104.361 60.438 172 0 0
497.711 104.362 60.438 169 0 0
497.711 104.368 60.439 168 0 0
497.713 104.370 60.440 169 0 0
497.713 104.377 60.441 172 0 0
497.714 104.382 60.441 177 0 0
497.714 104.389 60.442 179 0 0
497.710 104.413 60.446 183 0 0
497.710 104.419 60.447 178 0 0
497.711 104.425 60.448 179 0 0
497.712 104.431 60.449 173 0 0
497.714 104.433 60.449 173 0 0
497.715 104.436 60.449 173 0 0
497.716 104.440 60.450 166 0 0
497.717 104.444 60.450 166 0 0
497.719 104.447 60.451 163 0 0
497.720 104.450 60.451 163 0 0
497.722 104.453 60.451 165 0 0
497.723 104.457 60.452 160 0 0
497.724 104.462 60.452 160 0 0
497.725 104.466 60.453 164 0 0
497.726 104.470 60.454 166 0 0
497.727 104.477 60.455 173 0 0
497.727 104.483 60.455 181 0 0
497.729 104.487 60.456 173 0 0
497.730 104.490 60.456 177 0 0
497.732 104.492 60.457 186 0 0
497.744 104.467 60.452 170 0 0
497.745 104.472 60.453 166 0 0
497.746 104.476 60.454 170 0 0
497.747 104.480 60.454 171 0 0
497.749 104.483 60.455 168 0 0
497.710 104.326 60.431 178 0 0
497.706 104.346 60.434 191 0 0
497.707 104.352 60.435 162 0 0
497.708 104.355 60.435 164 0 0
497.709 104.361 60.436 166 0 0
497.710 104.364 60.436 172 0 0
497.711 104.368 60.437 169 0 0
497.713 104.371 60.437 170 0 0
497.714 104.376 60.438 180 0 0
497.715 104.381 60.439 178 0 0
497.715 104.387 60.440 181 0 0
497.710 104.413 60.444 183 0 0
497.710 104.419 60.445 180 0 0
497.711 104.425 60.445 179 0 0
497.712 104.430 60.446 176 0 0
497.713 104.435 60.447 173 0 0
497.714 104.438 60.447 171 0 0
497.716 104.440 60.447 163 0 0
497.717 104.444 60.448 161 0 0
497.718 104.449 60.448 160 0 0
497.719 104.453 60.449 162 0 0
497.721 104.457 60.450 163 0 0
497.722 104.459 60.450 163 0 0
497.724 104.463 60.450 160 0 0
497.725 104.466 60.451 159 0 0
497.726 104.472 60.452 165 0 0
497.726 104.479 60.452 174 0 0
497.727 104.485 60.453 176 0 0
497.729 104.487 60.454 174 0 0
497.730 104.490 60.454 177 0 0
497.732 104.491 60.454 183 0 0
497.745 104.473 60.451 165 0 0
497.746 104.477 60.451 167 0 0
497.749 104.475 60.451 166 0 0
497.710 104.325 60.429 173 0 0
497.706 104.347 60.432 192 0 0
497.707 104.351 60.432 165 0 0
497.708 104.356 60.433 166 0 0
497.710 104.358 60.433 173 0 0
497.710 104.363 60.434 172 0 0
497.711 104.368 60.435 173 0 0
497.712 104.372 60.435 175 0 0
497.714 104.376 60.436 185 0 0
497.715 104.381 60.436 182 0 0
497.715 104.386 60.437 176 0 0
497.710 104.413 60.441 181 0 0
497.710 104.420 60.442 176 0 0
497.710 104.427 60.443 178 0 0
497.711 104.433 60.444 173 0 0
497.713 104.436 60.445 169 0 0
497.714 104.437 60.445 165 0 0
497.716 104.442 60.445 166 0 0
497.717 104.446 60.446 163 0 0
497.718 104.449 60.446 160 0 0
497.719 104.453 60.447 163 0 0
497.721 104.458 60.447 165 0 0
497.722 104.460 60.448 160 0 0
497.724 104.464 60.448 160 0 0
497.724 104.469 60.449 162 0 0
497.726 104.473 60.449 163 0 0
497.726 104.480 60.450 175 0 0
497.727 104.486 60.451 174 0 0
497.729 104.488 60.451 172 0 0
497.730 104.491 60.452 176 0 0
497.732 104.494 60.452 180 0 0
497.744 104.468 60.448 171 0 0
497.745 104.472 60.448 166 0 0
497.747 104.474 60.449 167 0 0
497.712 104.319 60.425 168 0 0
497.706 104.345 60.429 192 0 0
497.707 104.351 60.430 167 0 0
497.708 104.355 60.431 168 0 0
497.709 104.359 60.431 166 0 0
497.710 104.364 60.432 169 0 0
497.712 104.367 60.432 171 0 0
497.712 104.372 60.433 174 0 0
497.714 104.376 60.433 176 0 0
497.715 104.381 60.434 177 0 0
497.715 104.386 60.435 176 0 0
497.709 104.415 60.439 186 0 0
497.710 104.421 60.440 184 0 0
497.710 104.430 60.441 179 0 0
497.710 104.435 60.442 175 0 0
497.713 104.436 60.442 178 0 0
497.714 104.440 60.443 166 0 0
497.715 104.445 60.443 163 0 0
497.716 104.448 60.444 160 0 0
497.717 104.452 60.444 157 0 0
497.719 104.455 60.445 159 0 0
497.719 104.461 60.446 161 0 0
497.722 104.462 60.446 160 0 0
497.723 104.466 60.446 163 0 0
497.724 104.471 60.447 163 0 0
497.725 104.476 60.448 163 0 0
497.726 104.481 60.448 181 0 0
497.727 104.487 60.449 175 0 0
497.728 104.491 60.449 181 0 0
497.732 104.492 60.449 179 0 0
497.743 104.469 60.446 173 0 0
497.745 104.472 60.446 167 0 0
497.747 104.473 60.446 175 0 0
497.711 104.320 60.423 172 0 0
497.706 104.346 60.427 200 0 0
497.707 104.352 60.428 166 0 0
497.708 104.354 60.428 174 0 0
497.709 104.359 60.429 170 0 0
497.711 104.361 60.429 172 0 0
497.711 104.367 60.430 170 0 0
497.712 104.372 60.431 168 0 0
497.713 104.376 60.431 174 0 0
497.715 104.380 60.432 178 0 0
497.715 104.386 60.433 179 0 0
497.709 104.417 60.437 182 0 0
497.709 104.423 60.438 182 0 0
497.710 104.429 60.439 180 0 0
497.710 104.436 60.440 178 0 0
497.712 104.440 60.440 181 0 0
497.713 104.441 60.441 170 0 0
497.715 104.445 60.441 162 0 0
497.716 104.449 60.442 159 0 0
497.717 104.454 60.442 159 0 0
497.719 104.454 60.442 163 0 0
497.719 104.462 60.443 162 0 0
497.721 104.465 60.444 159 0 0
497.722 104.468 60.444 160 0 0
497.724 104.472 60.445 161 0 0
497.725 104.477 60.445 168 0 0
497.725 104.484 60.446 180 0 0
497.726 104.488 60.447 181 0 0
497.727 104.492 60.447 184 0 0
497.744 104.467 60.443 173 0 0
497.745 104.472 60.444 169 0 0
497.712 104.318 60.421 165 0 0
497.706 104.346 60.425 194 0 0
497.707 104.351 60.426 167 0 0
497.708 104.355 60.426 171 0 0
497.710 104.358 60.426 167 0 0
497.710 104.363 60.427 171 0 0
497.711 104.368 60.428 169 0 0
497.713 104.371 60.428 170 0 0
497.714 104.376 60.429 175 0 0
497.715 104.381 60.430 179 0 0
497.715 104.388 60.430 179 0 0
497.709 104.417 60.435 182 0 0
497.709 104.422 60.436 177 0 0
497.709 104.431 60.437 175 0 0
497.710 104.437 60.438 177 0 0
497.711 104.441 60.438 171 0 0
497.713 104.443 60.439 170 0 0
497.714 104.448 60.439 163 0 0
497.715 104.451 60.440 160 0 0
497.717 104.455 60.440 162 0 0
497.718 104.458 60.440 160 0 0
497.719 104.463 60.441 160 0 0
497.721 104.466 60.441 162 0 0
497.722 104.468 60.442 164 0 0
497.723 104.474 60.442 162 0 0
497.724 104.477 60.443 166 0 0
497.724 104.488 60.444 170 0 0
497.725 104.491 60.445 179 0 0
497.727 104.493 60.445 186 0 0
497.744 104.466 60.441 172 0 0
497.747 104.473 60.441 169 0 0
497.712 104.318 60.418 163 0 0
497.706 104.346 60.423 208 0 0
497.708 104.350 60.423 165 0 0
497.708 104.354 60.424 168 0 0
497.709 104.358 60.424 166 0 0
497.711 104.362 60.425 169 0 0
497.711 104.368 60.425 173 0 0
497.713 104.371 60.426 176 0 0
497.714 104.374 60.426 173 0 0
497.714 104.381 60.427 175 0 0
497.715 104.386 60.428 174 0 0
497.709 104.417 60.433 186 0 0
497.709 104.424 60.434 182 0 0
497.708 104.434 60.435 180 0 0
497.709 104.439 60.436 176 0 0
497.711 104.443 60.436 172 0 0
497.712 104.445 60.436 167 0 0
497.713 104.450 60.437 162 0 0
497.715 104.453 60.438 159 0 0
497.716 104.457 60.438 163 0 0
497.718 104.459 60.438 159 0 0
497.718 104.465 60.439 161 0 0
497.720 104.468 60.439 161 0 0
497.721 104.471 60.440 162 0 0
497.723 104.475 60.440 162 0 0
497.724 104.480 60.441 168 0 0
497.724 104.488 60.442 170 0 0
497.725 104.493 60.443 179 0 0
497.727 104.495 60.443 180 0 0
497.744 104.467 60.438 174 0 0
497.746 104.469 60.439 168 0 0
497.747 104.473 60.439 169 0 0
497.714 104.313 60.415 160 0 0
497.706 104.347 60.421 209 0 0
497.707 104.350 60.421 166 0 0
497.708 104.355 60.421 166 0 0
497.709 104.360 60.422 167 0 0
497.710 104.364 60.423 171 0 0
497.711 104.368 60.423 174 0 0
497.713 104.370 60.423 180 0 0
497.714 104.375 60.424 174 0 0
497.715 104.381 60.425 178 0 0
497.715 104.388 60.426 178 0 0
497.708 104.419 60.431 186 0 0
497.709 104.425 60.431 183 0 0
497.708 104.434 60.433 176 0 0
497.709 104.441 60.434 175 0 0
497.710 104.447 60.434 175 0 0
497.711 104.449 60.435 167 0 0
497.713 104.451 60.435 163 0 0
497.714 104.454 60.435 162 0 0
497.715 104.460 60.436 166 0 0
497.717 104.463 60.436 162 0 0
497.718 104.468 60.437 163 0 0
497.719 104.470 60.437 160 0 0
497.721 104.474 60.438 162 0 0
497.722 104.476 60.438 162 0 0
497.723 104.483 60.439 167 0 0
497.724 104.489 60.440 177 0 0
497.724 104.494 60.441 180 0 0
497.726 104.497 60.441 183 0 0
497.744 104.467 60.436 176 0 0
497.745 104.471 60.436 171 0 0
497.746 104.475 60.437 176 0 0
497.707 104.344 60.418 207 0 0
497.707 104.351 60.419 165 0 0
497.708 104.355 60.419 166 0 0
497.709 104.359 60.420 167 0 0
497.710 104.363 60.420 168 0 0
497.712 104.367 60.421 174 0 0
497.713 104.371 60.421 181 0 0
497.713 104.376 60.422 176 0 0
497.715 104.380 60.422 175 0 0
497.715 104.386 60.423 182 0 0
497.708 104.420 60.428 184 0 0
497.708 104.427 60.429 182 0 0
497.708 104.436 60.431 182 0 0
497.708 104.444 60.432 179 0 0
497.709 104.448 60.432 173 0 0
497.711 104.451 60.433 167 0 0
497.712 104.454 60.433 164 0 0
497.713 104.459 60.434 161 0 0
497.714 104.463 60.434 163 0 0
497.715 104.467 60.435 162 0 0
497.717 104.470 60.435 163 0 0
497.719 104.473 60.435 160 0 0
497.720 104.477 60.436 163 0 0
497.722 104.479 60.436 166 0 0
497.722 104.485 60.437 169 0 0
497.723 104.491 60.438 173 0 0
497.724 104.497 60.439 179 0 0
497.726 104.498 60.439 181 0 0
497.743 104.468 60.434 179 0 0
497.745 104.471 60.434 174 0 0
497.747 104.473 60.434 170 0 0
497.707 104.344 60.415 208 0 0
497.707 104.352 60.417 165 0 0
497.708 104.357 60.417 173 0 0
497.709 104.359 60.417 168 0 0
497.711 104.361 60.418 169 0 0
497.712 104.367 60.418 171 0 0
497.713 104.371 60.419 176 0 0
497.714 104.376 60.420 180 0 0
497.714 104.381 60.420 181 0 0
497.715 104.387 60.421 182 0 0
497.708 104.421 60.426 183 0 0
497.708 104.428 60.427 181 0 0
497.707 104.438 60.429 180 0 0
497.707 104.448 60.430 180 0 0
497.708 104.451 60.430 174 0 0
497.711 104.456 60.431 164 0 0
497.712 104.461 60.432 161 0 0
497.714 104.466 60.432 161 0 0
497.715 104.469 60.433 162 0 0
497.722 104.486 60.435 166 0 0
497.722 104.496 60.436 178 0 0
497.744 104.467 60.431 174 0 0
497.745 104.471 60.432 174 0 0
497.747 104.472 60.432 169 0 0
497.706 104.345 60.413 213 0 0
497.707 104.350 60.414 167 0 0
497.708 104.356 60.415 169 0 0
497.709 104.359 60.415 173 0 0
497.711 104.362 60.416 174 0 0
497.712 104.366 60.416 174 0 0
497.712 104.372 60.417 176 0 0
497.714 104.375 60.417 176 0 0
497.715 104.381 60.418 181 0 0
497.715 104.387 60.419 181 0 0
497.708 104.420 60.424 185 0 0
497.707 104.429 60.425 180 0 0
497.706 104.442 60.427 179 0 0
497.706 104.451 60.428 173 0 0
497.711 104.466 60.430 162 0 0
497.712 104.470 60.431 161 0 0
497.719 104.486 60.433 162 0 0
497.721 104.490 60.433 168 0 0
497.721 104.498 60.434 175 0 0
497.744 104.465 60.429 170 0 0
497.745 104.470 60.429 171 0 0
497.747 104.472 60.430 170 0 0
497.706 104.347 60.411 215 0 0
497.707 104.351 60.412 168 0 0
497.708 104.356 60.413 172 0 0
497.709 104.359 60.413 176 0 0
497.710 104.363 60.413 171 0 0
497.712 104.366 60.414 169 0 0
497.713 104.371 60.414 176 0 0
497.714 104.375 60.415 175 0 0
497.715 104.381 60.416 181 0 0
497.715 104.388 60.417 182 0 0
497.708 104.421 60.422 183 0 0
497.707 104.430 60.423 185 0 0
497.705 104.445 60.425 173 0 0
497.705 104.453 60.426 180 0 0
497.719 104.495 60.432 166 0 0
497.719 104.504 60.433 173 0 0
497.744 104.468 60.427 174 0 0
497.745 104.470 60.427 172 0 0
497.706 104.346 60.409 216 0 0
497.707 104.351 60.410 166 0 0
497.708 104.354 60.410 175 0 0
497.709 104.359 60.411 176 0 0
497.711 104.362 60.411 176 0 0
497.712 104.367 60.412 168 0 0
497.713 104.370 60.412 171 0 0
497.714 104.375 60.413 172 0 0
497.714 104.381 60.413 179 0 0
497.715 104.387 60.414 185 0 0
497.708 104.420 60.419 186 0 0
497.706 104.433 60.421 187 0 0
497.704 104.449 60.423 178 0 0
497.704 104.457 60.425 175 0 0
497.719 104.498 60.430 163 0 0
497.719 104.506 60.431 172 0 0
497.744 104.468 60.424 172 0 0
497.745 104.471 60.425 169 0 0
497.747 104.472 60.425 173 0 0
497.707 104.344 60.406 218 0 0
497.707 104.351 60.407 164 0 0
497.708 104.355 60.408 170 0 0
497.709 104.359 60.408 168 0 0
497.710 104.363 60.409 174 0 0
497.712 104.366 60.409 174 0 0
497.713 104.371 60.410 175 0 0
497.714 104.375 60.410 181 0 0
497.715 104.381 60.411 178 0 0
497.715 104.387 60.412 184 0 0
497.707 104.422 60.417 186 0 0
497.706 104.436 60.419 179 0 0
497.703 104.452 60.421 181 0 0
497.702 104.464 60.423 173 0 0
497.717 104.504 60.428 164 0 0
497.740 104.472 60.423 173 0 0
497.744 104.467 60.422 172 0 0
497.746 104.469 60.422 166 0 0
497.707 104.345 60.404 213 0 0
497.707 104.352 60.405 169 0 0
497.708 104.356 60.406 171 0 0
497.709 104.359 60.406 167 0 0
497.711 104.362 60.406 168 0 0
497.712 104.367 60.407 171 0 0
497.713 104.371 60.407 171 0 0
497.714 104.375 60.408 181 0 0
497.715 104.380 60.409 175 0 0
497.715 104.388 60.410 180 0 0
497.707 104.424 60.415 182 0 0
497.705 104.438 60.417 179 0 0
497.702 104.456 60.420 183 0 0
497.701 104.469 60.422 172 0 0
497.744 104.467 60.420 176 0 0
497.746 104.469 60.420 168 0 0
497.747 104.473 60.420 169 0 0
497.706 104.345 60.402 218 0 0
497.707 104.352 60.403 171 0 0
497.708 104.356 60.403 175 0 0
497.709 104.360 60.404 168 0 0
497.710 104.363 60.404 167 0 0
497.711 104.368 60.405 172 0 0
497.713 104.370 60.405 174 0 0
497.713 104.376 60.406 178 0 0
497.715 104.380 60.406 179 0 0
497.715 104.388 60.407 183 0 0
497.707 104.424 60.413 184 0 0
497.704 104.440 60.415 182 0 0
497.700 104.463 60.418 183 0 0
497.747 104.473 60.418 168 0 0
497.706 104.345 60.400 215 0 0
497.708 104.350 60.400 172 0 0
497.708 104.354 60.401 170 0 0
497.710 104.357 60.401 167 0 0
497.711 104.362 60.402 168 0 0
497.711 104.368 60.402 176 0 0
497.713 104.370 60.403 172 0 0
497.714 104.375 60.403 176 0 0
497.714 104.382 60.404 178 0 0
497.714 104.389 60.405 177 0 0
497.707 104.425 60.410 186 0 0
497.703 104.444 60.413 183 0 0
497.698 104.470 60.417 178 0 0
497.744 104.467 60.415 176 0 0
497.745 104.471 60.415 174 0 0
497.707 104.345 60.397 209 0 0
497.707 104.351 60.398 173 0 0
497.708 104.355 60.399 172 0 0
497.710 104.358 60.399 169 0 0
497.711 104.362 60.399 167 0 0
497.711 104.368 60.400 173 0 0
497.713 104.371 60.401 176 0 0
497.714 104.375 60.401 178 0 0
497.715 104.381 60.402 180 0 0
497.714 104.389 60.403 179 0 0
497.706 104.426 60.408 186 0 0
497.702 104.449 60.412 183 0 0
497.696 104.476 60.416 176 0 0
497.744 104.467 60.413 180 0 0
497.746 104.469 60.413 170 0 0
497.707 104.343 60.395 207 0 0
497.707 104.350 60.396 173 0 0
497.709 104.354 60.396 176 0 0
497.709 104.359 60.397 171 0 0
497.711 104.362 60.397 172 0 0
497.711 104.368 60.398 176 0 0
497.713 104.370 60.398 176 0 0
497.714 104.375 60.399 180 0 0
497.714 104.381 60.400 180 0 0
497.715 104.387 60.400 180 0 0
497.706 104.428 60.406 189 0 0
497.701 104.451 60.410 185 0 0
497.744 104.465 60.410 171 0 0
497.746 104.470 60.411 169 0 0
497.707 104.342 60.392 217 0 0
497.707 104.350 60.393 166 0 0
497.709 104.354 60.394 171 0 0
497.709 104.359 60.394 171 0 0
497.711 104.363 60.395 171 0 0
497.712 104.366 60.395 171 0 0
497.713 104.369 60.396 176 0 0
497.714 104.376 60.397 178 0 0
497.714 104.383 60.398 181 0 0
497.714 104.389 60.398 182 0 0
497.706 104.428 60.404 186 0 0
497.700 104.455 60.408 182 0 0
497.744 104.466 60.408 173 0 0
497.745 104.470 60.408 174 0 0
497.750 104.470 60.408 173 0 0
497.707 104.342 60.390 219 0 0
497.708 104.350 60.391 171 0 0
497.709 104.353 60.391 172 0 0
497.710 104.357 60.392 172 0 0
497.711 104.360 60.392 169 0 0
497.712 104.366 60.393 178 0 0
497.713 104.370 60.393 174 0 0
497.714 104.376 60.394 178 0 0
497.715 104.380 60.395 179 0 0
497.715 104.389 60.396 182 0 0
497.705 104.430 60.402 188 0 0
497.744 104.466 60.405 171 0 0
497.746 104.468 60.406 168 0 0
497.708 104.341 60.388 213 0 0
497.708 104.350 60.389 174 0 0
497.709 104.353 60.389 167 0 0
497.710 104.358 60.390 167 0 0
497.711 104.361 60.390 168 0 0
497.712 104.366 60.391 168 0 0
497.713 104.371 60.391 173 0 0
497.714 104.375 60.392 175 0 0
497.715 104.380 60.393 178 0 0
497.715 104.389 60.394 181 0 0
497.705 104.430 60.400 186 0 0
497.744 104.467 60.403 172 0 0
497.746 104.468 60.403 170 0 0
497.747 104.472 60.404 172 0 0
497.708 104.339 60.385 208 0 0
497.708 104.349 60.386 171 0 0
497.709 104.354 60.387 167 0 0
497.710 104.357 60.387 170 0 0
497.711 104.361 60.388 166 0 0
497.712 104.366 60.388 170 0 0
497.713 104.369 60.389 179 0 0
497.714 104.374 60.389 180 0 0
497.715 104.379 60.390 184 0 0
497.715 104.387 60.391 184 0 0
497.705 104.430 60.397 189 0 0
497.744 104.467 60.401 174 0 0
497.746 104.469 60.401 172 0 0
497.750 104.472 60.401 175 0 0
497.709 104.344 60.383 156 0 0
497.709 104.351 60.384 160 0 0
497.710 104.356 60.385 164 0 0
497.711 104.361 60.385 166 0 0
497.712 104.366 60.386 168 0 0
497.714 104.368 60.386 166 0 0
497.714 104.374 60.387 171 0 0
497.715 104.380 60.388 183 0 0
497.714 104.389 60.389 186 0 0
497.705 104.431 60.395 187 0 0
497.744 104.468 60.399 177 0 0
497.745 104.471 60.399 173 0 0
497.715 104.370 60.384 156 0 0
497.715 104.379 60.385 160 0 0
497.715 104.387 60.387 165 0 0
497.706 104.428 60.392 165 0 0
497.744 104.467 60.396 180 0 0
497.746 104.469 60.396 173 0 0
497.744 104.467 60.394 177 0 0
497.746 104.470 60.394 175 0 0
497.747 104.471 60.394 177 0 0
497.744 104.466 60.391 181 0 0
497.746 104.468 60.392 173 0 0
497.748 104.471 60.392 179 0 0
497.750 104.470 60.392 168 0 0
497.744 104.465 60.389 172 0 0
497.746 104.467 60.389 171 0 0
497.748 104.471 60.390 174 0 0
497.750 104.471 60.387 155 0 0
497.752 104.470 60.378 150 0 0
