497.839 104.289 60.536 170 0 0
497.840 104.293 60.536 173 0 0
497.841 104.299 60.537 177 0 0
497.844 104.296 60.537 174 0 0
497.846 104.298 60.537 166 0 0
497.847 104.300 60.537 152 0 0
497.849 104.304 60.538 151 0 0
497.849 104.311 60.539 149 0 0
497.852 104.309 60.538 142 0 0
497.828 104.312 60.538 155 0 0
497.831 104.311 60.537 154 0 0
497.834 104.308 60.537 154 0 0
497.837 104.307 60.536 151 0 0
497.839 104.308 60.537 146 0 0
497.841 104.306 60.536 144 0 0
497.843 104.308 60.536 141 0 0
497.845 104.308 60.536 142 0 0
497.848 104.308 60.536 147 0 0
497.849 104.311 60.537 150 0 0
497.851 104.313 60.537 153 0 0
497.852 104.316 60.537 154 0 0
497.854 104.319 60.538 153 0 0
497.855 104.321 60.538 148 0 0
497.858 104.319 60.538 141 0 0
497.818 104.349 60.542 126 0 0
497.822 104.342 60.541 127 0 0
497.827 104.335 60.539 126 0 0
497.829 104.333 60.539 129 0 0
497.832 104.334 60.539 128 0 0
497.836 104.327 60.538 128 0 0
497.838 104.326 60.537 128 0 0
497.840 104.328 60.538 127 0 0
497.843 104.325 60.537 130 0 0
497.845 104.326 60.537 134 0 0
497.848 104.322 60.536 136 0 0
497.850 104.326 60.537 139 0 0
497.852 104.324 60.536 142 0 0
497.854 104.326 60.537 145 0 0
497.856 104.328 60.537 150 0 0
497.857 104.332 60.537 149 0 0
497.859 104.332 60.537 148 0 0
497.861 104.335 60.538 145 0 0
497.861 104.342 60.539 146 0 0
497.862 104.347 60.540 141 0 0
497.861 104.359 60.542 126 0 0
497.814 104.366 60.543 126 0 0
497.818 104.357 60.541 126 0 0
497.822 104.352 60.540 127 0 0
497.824 104.351 60.540 129 0 0
497.826 104.353 60.540 128 0 0
497.830 104.347 60.539 128 0 0
497.833 104.345 60.539 129 0 0
497.835 104.347 60.539 130 0 0
497.837 104.346 60.538 131 0 0
497.840 104.344 60.538 131 0 0
497.842 104.345 60.538 129 0 0
497.844 104.349 60.539 129 0 0
497.848 104.342 60.537 129 0 0
497.849 104.345 60.538 130 0 0
497.851 104.345 60.538 133 0 0
497.854 104.343 60.537 136 0 0
497.856 104.344 60.537 140 0 0
497.859 104.344 60.537 143 0 0
497.859 104.348 60.538 141 0 0
497.861 104.352 60.538 144 0 0
497.863 104.354 60.539 148 0 0
497.864 104.359 60.540 149 0 0
497.863 104.369 60.541 144 0 0
497.806 104.386 60.544 126 0 0
497.811 104.377 60.543 128 0 0
497.814 104.373 60.542 127 0 0
497.817 104.370 60.541 131 0 0
497.821 104.364 60.540 129 0 0
497.823 104.365 60.540 128 0 0
497.825 104.367 60.540 130 0 0
497.828 104.362 60.539 131 0 0
497.831 104.363 60.539 130 0 0
497.833 104.361 60.539 131 0 0
497.836 104.359 60.538 131 0 0
497.838 104.360 60.538 130 0 0
497.840 104.364 60.539 130 0 0
497.842 104.361 60.538 132 0 0
497.844 104.364 60.539 130 0 0
497.847 104.360 60.538 129 0 0
497.849 104.365 60.539 131 0 0
497.851 104.362 60.538 130 0 0
497.854 104.362 60.538 131 0 0
497.855 104.366 60.539 130 0 0
497.856 104.370 60.539 131 0 0
497.859 104.368 60.539 133 0 0
497.862 104.366 60.538 135 0 0
497.864 104.367 60.539 138 0 0
497.866 104.369 60.539 142 0 0
497.868 104.369 60.539 146 0 0
497.869 104.375 60.540 150 0 0
497.870 104.379 60.540 148 0 0
497.869 104.392 60.542 141 0 0
497.803 104.396 60.544 130 0 0
497.808 104.386 60.542 130 0 0
497.811 104.385 60.542 131 0 0
497.814 104.382 60.541 131 0 0
497.816 104.381 60.541 131 0 0
497.819 104.379 60.540 131 0 0
497.821 104.380 60.540 131 0 0
497.823 104.382 60.541 134 0 0
497.826 104.381 60.540 134 0 0
497.830 104.375 60.539 131 0 0
497.830 104.381 60.540 131 0 0
497.834 104.378 60.539 131 0 0
497.836 104.377 60.539 133 0 0
497.838 104.377 60.539 133 0 0
497.840 104.378 60.539 132 0 0
497.842 104.379 60.539 131 0 0
497.844 104.382 60.540 133 0 0
497.847 104.377 60.539 133 0 0
497.849 104.381 60.539 133 0 0
497.849 104.387 60.540 133 0 0
497.852 104.387 60.540 131 0 0
497.854 104.386 60.540 131 0 0
497.856 104.388 60.540 132 0 0
497.858 104.388 60.540 131 0 0
497.861 104.387 60.540 131 0 0
497.863 104.390 60.540 130 0 0
497.866 104.387 60.539 134 0 0
497.868 104.387 60.539 136 0 0
497.870 104.386 60.539 139 0 0
497.872 104.390 60.540 143 0 0
497.874 104.391 60.540 146 0 0
497.875 104.395 60.540 148 0 0
497.875 104.404 60.542 145 0 0
497.796 104.414 60.545 133 0 0
497.800 104.407 60.543 132 0 0
497.804 104.402 60.542 134 0 0
497.810 104.397 60.541 133 0 0
497.813 104.394 60.541 133 0 0
497.815 104.395 60.541 130 0 0
497.817 104.398 60.541 131 0 0
497.820 104.395 60.541 134 0 0
497.822 104.394 60.540 132 0 0
497.825 104.393 60.540 132 0 0
497.827 104.392 60.540 132 0 0
497.829 104.395 60.540 133 0 0
497.832 104.394 60.540 134 0 0
497.834 104.393 60.540 132 0 0
497.836 104.393 60.539 133 0 0
497.838 104.395 60.540 131 0 0
497.840 104.396 60.540 133 0 0
497.842 104.396 60.540 132 0 0
497.845 104.396 60.540 133 0 0
497.845 104.402 60.541 132 0 0
497.848 104.403 60.541 132 0 0
497.850 104.403 60.540 133 0 0
497.852 104.405 60.541 132 0 0
497.854 104.404 60.541 133 0 0
497.856 104.405 60.541 133 0 0
497.859 104.403 60.540 131 0 0
497.861 104.406 60.541 131 0 0
497.862 104.408 60.541 132 0 0
497.865 104.408 60.541 131 0 0
497.867 104.407 60.540 129 0 0
497.869 104.408 60.541 130 0 0
497.871 104.409 60.541 134 0 0
497.874 104.407 60.540 136 0 0
497.877 104.407 60.540 141 0 0
497.878 104.412 60.541 143 0 0
497.880 104.413 60.541 147 0 0
497.880 104.419 60.542 147 0 0
497.880 104.430 60.544 143 0 0
497.779 104.458 60.551 139 0 0
497.788 104.432 60.546 136 0 0
497.795 104.419 60.543 135 0 0
497.797 104.418 60.543 135 0 0
497.801 104.414 60.542 135 0 0
497.803 104.413 60.542 135 0 0
497.805 104.414 60.542 135 0 0
497.808 104.412 60.542 133 0 0
497.811 104.412 60.541 132 0 0
497.814 104.409 60.541 133 0 0
497.815 104.412 60.541 133 0 0
497.818 104.410 60.541 132 0 0
497.820 104.411 60.541 133 0 0
497.822 104.412 60.541 132 0 0
497.825 104.411 60.541 134 0 0
497.827 104.410 60.540 132 0 0
497.829 104.412 60.541 132 0 0
497.832 104.409 60.540 132 0 0
497.833 104.414 60.541 132 0 0
497.836 104.412 60.540 133 0 0
497.838 104.414 60.541 134 0 0
497.840 104.412 60.540 133 0 0
497.841 104.420 60.541 132 0 0
497.843 104.422 60.542 133 0 0
497.846 104.418 60.541 133 0 0
497.848 104.420 60.541 131 0 0
497.849 104.423 60.542 132 0 0
497.853 104.420 60.541 132 0 0
497.855 104.421 60.541 133 0 0
497.856 104.422 60.541 133 0 0
497.859 104.423 60.541 133 0 0
497.861 104.423 60.541 133 0 0
497.862 104.426 60.542 132 0 0
497.865 104.425 60.541 132 0 0
497.867 104.427 60.541 132 0 0
497.870 104.425 60.541 133 0 0
497.872 104.426 60.541 132 0 0
497.874 104.426 60.541 134 0 0
497.877 104.425 60.541 134 0 0
497.878 104.427 60.541 136 0 0
497.882 104.423 60.540 139 0 0
497.884 104.425 60.540 142 0 0
497.885 104.430 60.541 145 0 0
497.886 104.434 60.542 148 0 0
497.886 104.443 60.543 148 0 0
497.883 104.461 60.547 145 0 0
497.783 104.443 60.546 138 0 0
497.788 104.434 60.544 137 0 0
497.792 104.428 60.543 136 0 0
497.793 104.432 60.543 136 0 0
497.796 104.430 60.543 135 0 0
497.800 104.425 60.542 136 0 0
497.802 104.427 60.542 136 0 0
497.804 104.429 60.542 135 0 0
497.807 104.426 60.542 136 0 0
497.809 104.425 60.541 134 0 0
497.810 104.429 60.542 135 0 0
497.813 104.427 60.542 134 0 0
497.816 104.425 60.541 134 0 0
497.818 104.427 60.541 136 0 0
497.820 104.428 60.541 134 0 0
497.824 104.424 60.541 134 0 0
497.826 104.425 60.541 134 0 0
497.826 104.430 60.541 134 0 0
497.830 104.426 60.541 134 0 0
497.831 104.429 60.541 134 0 0
497.833 104.432 60.541 134 0 0
497.836 104.428 60.541 133 0 0
497.837 104.434 60.542 133 0 0
497.838 104.439 60.542 134 0 0
497.841 104.436 60.542 135 0 0
497.844 104.433 60.541 134 0 0
497.845 104.438 60.542 134 0 0
497.848 104.437 60.542 134 0 0
497.850 104.437 60.541 135 0 0
497.852 104.441 60.542 135 0 0
497.854 104.439 60.542 134 0 0
497.857 104.439 60.542 133 0 0
497.858 104.442 60.542 133 0 0
497.860 104.443 60.542 131 0 0
497.863 104.442 60.542 134 0 0
497.866 104.440 60.541 134 0 0
497.868 104.442 60.542 134 0 0
497.870 104.442 60.542 133 0 0
497.871 104.448 60.543 132 0 0
497.874 104.444 60.542 133 0 0
497.877 104.443 60.541 133 0 0
497.879 104.443 60.541 134 0 0
497.881 104.444 60.541 133 0 0
497.882 104.448 60.542 135 0 0
497.885 104.448 60.542 137 0 0
497.887 104.447 60.542 140 0 0
497.889 104.447 60.541 143 0 0
497.890 104.452 60.542 142 0 0
497.892 104.456 60.543 145 0 0
497.893 104.459 60.543 148 0 0
497.895 104.462 60.544 151 0 0
497.895 104.471 60.545 149 0 0
497.764 104.488 60.551 143 0 0
497.777 104.458 60.546 139 0 0
497.781 104.451 60.545 139 0 0
497.788 104.443 60.543 137 0 0
497.789 104.448 60.544 137 0 0
497.792 104.444 60.543 137 0 0
497.795 104.444 60.543 138 0 0
497.798 104.442 60.542 137 0 0
497.800 104.441 60.542 136 0 0
497.802 104.443 60.542 136 0 0
497.805 104.442 60.542 136 0 0
497.807 104.441 60.542 134 0 0
497.810 104.441 60.542 135 0 0
497.812 104.441 60.541 136 0 0
497.814 104.443 60.542 137 0 0
497.817 104.441 60.541 136 0 0
497.819 104.443 60.542 135 0 0
497.821 104.441 60.541 136 0 0
497.823 104.443 60.541 135 0 0
497.825 104.443 60.541 134 0 0
497.829 104.440 60.541 135 0 0
497.830 104.443 60.541 135 0 0
497.832 104.446 60.542 135 0 0
497.832 104.451 60.542 135 0 0
497.836 104.446 60.541 134 0 0
497.837 104.453 60.542 135 0 0
497.840 104.451 60.542 135 0 0
497.842 104.453 60.542 134 0 0
497.843 104.455 60.542 134 0 0
497.846 104.455 60.542 136 0 0
497.848 104.453 60.542 136 0 0
497.850 104.455 60.542 136 0 0
497.852 104.457 60.542 135 0 0
497.855 104.456 60.542 135 0 0
497.857 104.457 60.542 135 0 0
497.859 104.458 60.542 134 0 0
497.861 104.457 60.542 135 0 0
497.863 104.459 60.542 134 0 0
497.865 104.460 60.542 135 0 0
497.868 104.457 60.542 135 0 0
497.870 104.461 60.542 135 0 0
497.872 104.461 60.542 134 0 0
497.875 104.459 60.542 135 0 0
497.876 104.465 60.543 134 0 0
497.878 104.465 60.543 134 0 0
497.881 104.462 60.542 136 0 0
497.883 104.464 60.542 135 0 0
497.885 104.464 60.542 135 0 0
497.886 104.469 60.543 137 0 0
497.888 104.471 60.543 137 0 0
497.890 104.472 60.543 138 0 0
497.893 104.469 60.543 137 0 0
497.894 104.474 60.543 141 0 0
497.897 104.471 60.543 144 0 0
497.899 104.473 60.543 149 0 0
497.900 104.477 60.544 152 0 0
497.902 104.481 60.544 154 0 0
497.903 104.487 60.545 153 0 0
497.902 104.498 60.547 150 0 0
497.763 104.483 60.548 142 0 0
497.772 104.469 60.546 141 0 0
497.776 104.463 60.544 139 0 0
497.778 104.462 60.544 140 0 0
497.782 104.457 60.543 140 0 0
497.785 104.454 60.543 139 0 0
497.785 104.462 60.544 140 0 0
497.789 104.458 60.543 139 0 0
497.791 104.458 60.543 139 0 0
497.793 104.458 60.543 138 0 0
497.796 104.457 60.543 136 0 0
497.798 104.459 60.543 137 0 0
497.800 104.459 60.543 137 0 0
497.803 104.458 60.542 137 0 0
497.806 104.455 60.542 136 0 0
497.808 104.455 60.542 136 0 0
497.809 104.459 60.542 136 0 0
497.812 104.458 60.542 136 0 0
497.815 104.457 60.542 136 0 0
497.817 104.458 60.542 137 0 0
497.819 104.457 60.542 136 0 0
497.820 104.464 60.543 136 0 0
497.824 104.458 60.541 136 0 0
497.826 104.458 60.541 137 0 0
497.828 104.460 60.542 136 0 0
497.829 104.466 60.543 137 0 0
497.832 104.464 60.542 136 0 0
497.832 104.472 60.543 137 0 0
497.835 104.467 60.543 136 0 0
497.838 104.467 60.542 136 0 0
497.840 104.469 60.543 136 0 0
497.842 104.470 60.543 136 0 0
497.843 104.474 60.543 137 0 0
497.847 104.469 60.542 137 0 0
497.848 104.471 60.543 136 0 0
497.851 104.472 60.543 136 0 0
497.852 104.474 60.543 137 0 0
497.855 104.474 60.543 138 0 0
497.857 104.473 60.543 138 0 0
497.859 104.476 60.543 138 0 0
497.861 104.477 60.543 139 0 0
497.863 104.476 60.543 139 0 0
497.866 104.476 60.543 140 0 0
497.868 104.478 60.543 140 0 0
497.870 104.479 60.543 141 0 0
497.872 104.481 60.543 142 0 0
497.874 104.480 60.543 142 0 0
497.876 104.483 60.543 144 0 0
497.878 104.483 60.543 145 0 0
497.880 104.484 60.543 145 0 0
497.881 104.488 60.544 154 0 0
497.885 104.485 60.543 151 0 0
497.886 104.489 60.544 146 0 0
497.888 104.490 60.544 142 0 0
497.891 104.489 60.544 140 0 0
497.895 104.488 60.543 138 0 0
497.901 104.485 60.543 141 0 0
497.902 104.490 60.543 142 0 0
497.904 104.492 60.544 147 0 0
497.905 104.496 60.544 151 0 0
497.906 104.502 60.545 153 0 0
497.743 104.505 60.550 156 0 0
497.747 104.499 60.549 153 0 0
497.751 104.493 60.548 149 0 0
497.757 104.487 60.547 145 0 0
497.767 104.476 60.545 142 0 0
497.769 104.478 60.545 141 0 0
497.778 104.471 60.543 141 0 0
497.781 104.471 60.543 141 0 0
497.781 104.476 60.544 141 0 0
497.785 104.473 60.543 140 0 0
497.787 104.472 60.543 141 0 0
497.789 104.473 60.543 139 0 0
497.791 104.474 60.543 139 0 0
497.794 104.474 60.543 140 0 0
497.796 104.473 60.543 139 0 0
497.799 104.471 60.542 138 0 0
497.802 104.471 60.542 138 0 0
497.804 104.472 60.542 138 0 0
497.806 104.472 60.542 137 0 0
497.809 104.472 60.542 138 0 0
497.811 104.472 60.542 136 0 0
497.813 104.471 60.542 137 0 0
497.815 104.474 60.542 137 0 0
497.817 104.474 60.542 138 0 0
497.819 104.475 60.542 137 0 0
497.821 104.476 60.542 137 0 0
497.824 104.475 60.542 138 0 0
497.825 104.481 60.543 139 0 0
497.827 104.483 60.543 140 0 0
497.828 104.486 60.544 140 0 0
497.831 104.482 60.543 139 0 0
497.833 104.485 60.543 140 0 0
497.836 104.483 60.543 139 0 0
497.838 104.483 60.543 140 0 0
497.840 104.486 60.543 141 0 0
497.842 104.487 60.543 142 0 0
497.844 104.489 60.543 142 0 0
497.846 104.490 60.543 143 0 0
497.848 104.490 60.543 144 0 0
497.850 104.492 60.544 147 0 0
497.852 104.492 60.543 148 0 0
497.854 104.496 60.544 150 0 0
497.856 104.495 60.544 152 0 0
497.879 104.490 60.542 183 0 0
497.882 104.488 60.542 177 0 0
497.884 104.488 60.541 166 0 0
497.885 104.494 60.543 154 0 0
497.887 104.496 60.543 153 0 0
497.887 104.501 60.544 151 0 0
497.890 104.502 60.544 148 0 0
497.892 104.503 60.544 146 0 0
497.894 104.505 60.544 144 0 0
497.893 104.516 60.546 139 0 0
497.744 104.493 60.546 155 0 0
497.749 104.483 60.544 154 0 0
497.750 104.486 60.545 152 0 0
497.753 104.485 60.544 151 0 0
497.756 104.482 60.544 149 0 0
497.758 104.484 60.544 148 0 0
497.760 104.483 60.544 147 0 0
497.766 104.482 60.543 145 0 0
497.768 104.483 60.543 145 0 0
497.770 104.484 60.543 144 0 0
497.771 104.488 60.544 145 0 0
497.774 104.487 60.544 142 0 0
497.777 104.486 60.543 143 0 0
497.778 104.489 60.544 143 0 0
497.780 104.489 60.544 142 0 0
497.783 104.486 60.543 142 0 0
497.785 104.489 60.543 141 0 0
497.788 104.487 60.543 140 0 0
497.790 104.488 60.543 140 0 0
497.793 104.487 60.543 140 0 0
497.795 104.488 60.543 139 0 0
497.797 104.488 60.543 138 0 0
497.799 104.489 60.543 139 0 0
497.801 104.489 60.543 139 0 0
497.804 104.488 60.543 139 0 0
497.806 104.489 60.543 139 0 0
497.809 104.488 60.542 139 0 0
497.810 104.491 60.543 139 0 0
497.813 104.489 60.542 140 0 0
497.815 104.491 60.543 140 0 0
497.817 104.492 60.543 140 0 0
497.819 104.495 60.543 140 0 0
497.820 104.498 60.543 144 0 0
497.822 104.500 60.544 145 0 0
497.825 104.499 60.543 147 0 0
497.826 104.501 60.544 148 0 0
497.829 104.501 60.544 150 0 0
497.831 104.502 60.544 152 0 0
497.833 104.503 60.544 154 0 0
497.855 104.498 60.542 189 0 0
497.858 104.497 60.542 185 0 0
497.861 104.496 60.541 186 0 0
497.876 104.493 60.540 160 0 0
497.878 104.491 60.540 156 0 0
497.880 104.494 60.540 144 0 0
497.882 104.495 60.540 143 0 0
497.884 104.497 60.541 144 0 0
497.887 104.503 60.541 151 0 0
497.889 104.506 60.542 152 0 0
497.890 104.511 60.543 155 0 0
497.891 104.514 60.543 152 0 0
497.744 104.492 60.544 153 0 0
497.752 104.490 60.543 155 0 0
497.756 104.490 60.543 153 0 0
497.760 104.495 60.543 150 0 0
497.762 104.496 60.543 149 0 0
497.764 104.496 60.543 148 0 0
497.766 104.496 60.543 148 0 0
497.767 104.505 60.545 148 0 0
497.770 104.498 60.543 146 0 0
497.773 104.500 60.544 146 0 0
497.774 104.503 60.544 145 0 0
497.776 104.504 60.544 145 0 0
497.779 104.503 60.544 144 0 0
497.781 104.502 60.544 145 0 0
497.784 104.501 60.543 143 0 0
497.786 104.501 60.543 143 0 0
497.789 104.500 60.543 142 0 0
497.791 104.501 60.543 141 0 0
497.793 104.502 60.543 141 0 0
497.796 104.502 60.543 142 0 0
497.797 104.505 60.543 142 0 0
497.800 104.503 60.543 143 0 0
497.802 104.504 60.543 144 0 0
497.804 104.506 60.543 145 0 0
497.806 104.506 60.543 147 0 0
497.808 104.507 60.543 148 0 0
497.811 104.506 60.543 151 0 0
497.814 104.505 60.543 153 0 0
497.815 104.508 60.543 155 0 0
497.817 104.511 60.543 169 0 0
497.830 104.505 60.542 186 0 0
497.833 104.505 60.542 186 0 0
497.835 104.506 60.542 186 0 0
497.857 104.501 60.540 152 0 0
497.860 104.500 60.540 146 0 0
497.862 104.500 60.540 144 0 0
497.865 104.498 60.539 142 0 0
497.867 104.500 60.539 139 0 0
497.869 104.502 60.540 136 0 0
497.870 104.505 60.540 134 0 0
497.872 104.507 60.540 130 0 0
497.874 104.509 60.541 127 0 0
497.874 104.517 60.542 123 0 0
497.875 104.522 60.543 123 0 0
497.878 104.520 60.542 125 0 0
497.880 104.524 60.543 126 0 0
497.882 104.523 60.543 133 0 0
497.883 104.528 60.543 136 0 0
497.883 104.537 60.545 139 0 0
497.737 104.484 60.540 205 0 0
497.738 104.489 60.541 161 0 0
497.743 104.497 60.542 137 0 0
497.745 104.496 60.542 135 0 0
497.748 104.493 60.541 141 0 0
497.754 104.499 60.542 155 0 0
497.757 104.503 60.542 156 0 0
497.759 104.506 60.543 156 0 0
497.761 104.508 60.543 155 0 0
497.763 104.510 60.543 154 0 0
497.764 104.515 60.544 156 0 0
497.766 104.513 60.544 153 0 0
497.769 104.513 60.543 152 0 0
497.770 104.517 60.544 154 0 0
497.772 104.518 60.544 154 0 0
497.775 104.518 60.544 152 0 0
497.777 104.517 60.544 152 0 0
497.780 104.518 60.544 151 0 0
497.782 104.517 60.544 152 0 0
497.785 104.517 60.543 152 0 0
497.786 104.518 60.544 153 0 0
497.790 104.515 60.543 154 0 0
497.791 104.519 60.543 157 0 0
497.794 104.516 60.543 161 0 0
497.812 104.513 60.542 189 0 0
497.814 104.512 60.541 189 0 0
497.820 104.508 60.540 186 0 0
497.832 104.507 60.540 150 0 0
497.834 104.508 60.540 148 0 0
497.836 104.509 60.540 144 0 0
497.838 104.511 60.540 141 0 0
497.840 104.511 60.540 140 0 0
497.843 104.511 60.540 137 0 0
497.845 104.513 60.540 133 0 0
497.847 104.514 60.540 129 0 0
497.849 104.514 60.540 129 0 0
497.850 104.519 60.541 127 0 0
497.854 104.515 60.540 126 0 0
497.855 104.520 60.541 123 0 0
497.857 104.519 60.541 122 0 0
497.858 104.524 60.541 123 0 0
497.860 104.526 60.542 121 0 0
497.861 104.531 60.542 121 0 0
497.759 104.522 60.543 166 0 0
497.761 104.525 60.543 177 0 0
497.764 104.523 60.543 170 0 0
497.765 104.526 60.543 177 0 0
497.767 104.530 60.544 194 0 0
497.769 104.529 60.544 196 0 0
497.786 104.521 60.542 192 0 0
497.788 104.520 60.541 191 0 0
497.791 104.519 60.541 191 0 0
497.793 104.519 60.541 189 0 0
497.812 104.513 60.539 157 0 0
497.814 104.514 60.539 152 0 0
497.815 104.517 60.540 141 0 0
497.818 104.516 60.539 145 0 0
497.819 104.523 60.541 134 0 0
497.822 104.518 60.540 134 0 0
497.822 104.527 60.541 129 0 0
497.825 104.525 60.541 128 0 0
497.828 104.524 60.540 126 0 0
497.830 104.523 60.540 125 0 0
497.832 104.527 60.541 125 0 0
497.834 104.528 60.541 125 0 0
497.835 104.534 60.542 123 0 0
497.837 104.532 60.541 123 0 0
497.837 104.543 60.543 121 0 0
497.785 104.523 60.540 168 0 0
497.788 104.523 60.540 157 0 0
497.790 104.524 60.540 153 0 0
497.792 104.525 60.540 149 0 0
497.794 104.525 60.540 145 0 0
497.796 104.528 60.540 142 0 0
497.799 104.526 60.540 139 0 0
497.801 104.527 60.540 136 0 0
497.802 104.529 60.540 134 0 0
497.805 104.531 60.540 131 0 0
497.807 104.529 60.540 130 0 0
497.810 104.529 60.539 128 0 0
497.811 104.534 60.540 124 0 0
497.815 104.529 60.539 125 0 0
497.814 104.540 60.541 123 0 0
497.816 104.540 60.541 124 0 0
497.779 104.528 60.538 164 0 0
497.781 104.532 60.539 152 0 0
497.782 104.535 60.539 147 0 0
497.784 104.538 60.540 143 0 0
497.786 104.538 60.540 140 0 0
497.788 104.540 60.540 138 0 0
497.790 104.541 60.540 135 0 0
497.792 104.543 60.540 132 0 0
497.795 104.540 60.539 129 0 0
497.796 104.544 60.540 125 0 0
497.799 104.543 60.540 121 0 0
497.801 104.545 60.540 119 0 0
497.803 104.544 60.540 119 0 0
497.805 104.546 60.540 118 0 0
497.808 104.543 60.539 109 0 0
497.810 104.548 60.540 103 0 0
497.776 104.532 60.537 160 0 0
497.777 104.538 60.538 152 0 0
497.778 104.540 60.538 149 0 0
497.781 104.540 60.538 147 0 0
497.783 104.542 60.538 145 0 0
497.785 104.542 60.538 143 0 0
497.786 104.546 60.539 141 0 0
497.788 104.547 60.539 137 0 0
497.790 104.550 60.539 125 0 0
497.790 104.559 60.540 108 0 0
497.773 104.535 60.535 161 0 0
497.774 104.539 60.536 155 0 0
497.775 104.542 60.536 153 0 0
497.778 104.543 60.536 151 0 0
497.779 104.545 60.536 149 0 0
497.781 104.546 60.536 148 0 0
497.784 104.547 60.536 145 0 0
497.785 104.551 60.537 137 0 0
497.770 104.534 60.532 168 0 0
497.773 104.543 60.534 155 0 0
497.775 104.544 60.534 154 0 0
497.776 104.547 60.534 152 0 0
497.778 104.550 60.535 151 0 0
497.781 104.549 60.535 148 0 0
497.782 104.553 60.535 135 0 0
497.774 104.548 60.532 155 0 0
497.776 104.550 60.530 153 0 0
497.777 104.552 60.530 145 0 0
